Time,Open,High,Low,Close,Volume
2022-05-27 12:00:00+00:00,69.88,69.92,68.7,69.9,14634
2022-05-30 04:00:00+00:00,70.2,71.4,69.46,69.92,8686
2022-05-30 08:00:00+00:00,69.92,70.28,69.18,69.7,7972
2022-05-30 12:00:00+00:00,69.4,70.98,69.0,70.98,22372
2022-05-31 04:00:00+00:00,71.2,71.34,69.2,69.84,4820
2022-05-31 08:00:00+00:00,69.84,70.3,69.06,69.5,6884
2022-05-31 12:00:00+00:00,69.5,69.5,69.0,69.34,9948
2022-06-01 04:00:00+00:00,69.34,69.34,68.0,68.88,7878
2022-06-01 08:00:00+00:00,68.88,70.0,68.66,69.5,10664
2022-06-01 12:00:00+00:00,69.6,69.6,69.1,69.1,6544
2022-06-02 04:00:00+00:00,69.22,69.88,68.64,68.82,2826
2022-06-02 08:00:00+00:00,69.02,69.04,68.06,68.4,6426
2022-06-02 12:00:00+00:00,68.4,68.4,68.02,68.12,5774
2022-06-03 04:00:00+00:00,68.12,68.14,67.0,67.4,6194
2022-06-03 08:00:00+00:00,67.42,67.6,67.04,67.32,7872
2022-06-03 12:00:00+00:00,67.46,67.46,67.06,67.1,6714
2022-06-06 04:00:00+00:00,67.1,68.1,66.06,68.1,7304
2022-06-06 08:00:00+00:00,68.02,68.4,67.0,67.22,10212
2022-06-06 12:00:00+00:00,67.04,68.2,67.0,67.02,9488
2022-06-07 04:00:00+00:00,68.38,70.46,68.0,68.3,24554
2022-06-07 08:00:00+00:00,68.18,68.2,67.52,68.0,8328
2022-06-07 12:00:00+00:00,68.04,68.48,67.0,68.2,11442
2022-06-08 04:00:00+00:00,70.76,70.76,68.08,68.64,5864
2022-06-08 08:00:00+00:00,68.6,69.0,68.14,68.14,7154
2022-06-08 12:00:00+00:00,68.14,68.28,67.38,67.9,7760
2022-06-09 04:00:00+00:00,68.06,68.06,66.2,66.74,5966
2022-06-09 08:00:00+00:00,66.74,66.8,66.0,66.3,10008
2022-06-09 12:00:00+00:00,66.3,67.78,66.02,67.0,7284
2022-06-10 04:00:00+00:00,67.68,68.0,66.52,67.48,5452
2022-06-10 08:00:00+00:00,67.48,67.5,66.62,66.7,3672
2022-06-10 12:00:00+00:00,66.7,67.0,66.06,67.0,6958
2022-06-14 04:00:00+00:00,67.18,67.18,66.06,66.26,1488
2022-06-14 08:00:00+00:00,66.2,66.98,66.02,66.1,5176
2022-06-14 12:00:00+00:00,66.1,66.2,64.02,65.2,12922
2022-06-15 04:00:00+00:00,65.2,66.3,65.0,65.86,2296
2022-06-15 08:00:00+00:00,65.84,66.5,64.62,65.32,9406
2022-06-15 12:00:00+00:00,65.36,65.8,64.6,65.2,3944
2022-06-16 04:00:00+00:00,65.78,65.8,64.64,64.78,4470
2022-06-16 08:00:00+00:00,64.8,65.02,63.08,63.58,58134
2022-06-16 12:00:00+00:00,63.58,64.82,63.34,63.6,22348
2022-06-17 04:00:00+00:00,63.6,64.18,63.3,63.58,11226
2022-06-17 08:00:00+00:00,63.58,65.48,62.08,62.98,38174
2022-06-17 12:00:00+00:00,63.24,63.54,62.72,63.4,9610
2022-06-20 04:00:00+00:00,63.42,63.42,62.2,62.94,7182
2022-06-20 08:00:00+00:00,62.86,63.28,62.4,62.84,9068
2022-06-20 12:00:00+00:00,62.96,64.5,62.8,63.7,12162
2022-06-21 04:00:00+00:00,64.34,64.46,63.3,63.3,3184
2022-06-21 08:00:00+00:00,63.34,63.9,62.44,63.16,13532
2022-06-21 12:00:00+00:00,63.1,63.48,62.5,63.22,6738
2022-06-22 04:00:00+00:00,63.2,63.2,62.32,62.78,1042
2022-06-22 08:00:00+00:00,62.78,62.84,61.0,61.78,15478
2022-06-22 12:00:00+00:00,61.72,62.58,61.52,62.5,6866
2022-06-23 04:00:00+00:00,62.7,62.94,62.02,62.24,2988
2022-06-23 08:00:00+00:00,62.3,62.6,61.0,61.86,13952
2022-06-23 12:00:00+00:00,62.02,62.16,61.52,62.16,4134
2022-06-24 04:00:00+00:00,62.02,62.6,61.26,61.72,7606
2022-06-24 08:00:00+00:00,61.72,62.0,61.38,61.8,4314
2022-06-24 12:00:00+00:00,61.76,61.94,61.26,61.4,8872
2022-06-27 04:00:00+00:00,61.4,65.38,61.04,64.76,15534
2022-06-27 08:00:00+00:00,64.5,64.84,63.2,64.12,22116
2022-06-27 12:00:00+00:00,64.12,64.98,62.7,62.7,25882
2022-06-28 04:00:00+00:00,62.72,63.18,61.5,61.5,8560
2022-06-28 08:00:00+00:00,61.5,62.72,61.2,62.1,9450
2022-06-28 12:00:00+00:00,62.08,62.52,61.52,62.1,8834
2022-06-29 04:00:00+00:00,62.42,62.42,61.12,61.46,4484
2022-06-29 08:00:00+00:00,61.5,61.8,58.62,61.22,27584
2022-06-29 12:00:00+00:00,61.38,61.4,60.06,60.6,12854
2022-06-30 04:00:00+00:00,60.3,60.56,58.4,58.4,15164
2022-06-30 08:00:00+00:00,58.4,59.04,55.5,56.98,48888
2022-06-30 12:00:00+00:00,56.98,58.14,56.64,57.82,10148
2022-07-01 04:00:00+00:00,57.78,57.8,56.04,56.4,8744
2022-07-01 08:00:00+00:00,56.4,57.1,55.86,56.58,17152
2022-07-01 12:00:00+00:00,56.58,56.98,56.28,56.28,6188
2022-07-04 04:00:00+00:00,56.3,59.0,56.3,57.02,17950
2022-07-04 08:00:00+00:00,57.02,57.46,56.48,56.96,12300
2022-07-04 12:00:00+00:00,57.12,57.44,56.82,56.9,9046
2022-07-05 04:00:00+00:00,57.0,57.4,56.5,57.28,2330
2022-07-05 08:00:00+00:00,57.26,57.28,55.8,56.3,9932
2022-07-05 12:00:00+00:00,56.44,57.3,55.88,56.38,14242
2022-07-06 04:00:00+00:00,56.8,57.1,56.1,56.9,3844
2022-07-06 08:00:00+00:00,56.9,61.36,56.84,58.96,49020
2022-07-06 12:00:00+00:00,58.96,62.38,58.48,60.68,130936
2022-07-07 04:00:00+00:00,61.04,63.24,60.7,61.34,29218
2022-07-07 08:00:00+00:00,61.34,62.32,60.0,61.48,22670
2022-07-07 12:00:00+00:00,61.48,61.58,58.02,58.7,28188
2022-07-08 04:00:00+00:00,59.3,60.66,59.12,60.5,16038
2022-07-08 08:00:00+00:00,60.26,61.82,60.02,60.84,24330
2022-07-08 12:00:00+00:00,60.8,60.8,59.44,59.54,12014
2022-07-11 04:00:00+00:00,60.24,62.0,59.7,61.12,13430
2022-07-11 08:00:00+00:00,61.24,61.98,60.58,61.26,18612
2022-07-11 12:00:00+00:00,61.5,61.78,60.52,61.02,14328
2022-07-12 04:00:00+00:00,61.0,61.98,60.0,61.1,6748
2022-07-12 08:00:00+00:00,61.12,61.4,59.7,59.88,12482
2022-07-12 12:00:00+00:00,59.86,60.2,59.7,60.2,4606
2022-07-13 04:00:00+00:00,60.78,61.94,60.4,60.84,7586
2022-07-13 08:00:00+00:00,60.84,61.14,59.74,59.88,10028
2022-07-13 12:00:00+00:00,59.88,59.88,58.0,58.26,19536
2022-07-14 04:00:00+00:00,57.34,58.26,56.72,57.86,5674
2022-07-14 08:00:00+00:00,57.8,58.6,55.2,56.74,18716
2022-07-14 12:00:00+00:00,56.94,57.0,56.0,56.6,9652
2022-07-15 04:00:00+00:00,57.1,57.98,56.66,57.06,3328
2022-07-15 08:00:00+00:00,57.02,57.76,56.62,57.02,9210
2022-07-15 12:00:00+00:00,57.16,57.98,56.84,57.68,6536
2022-07-18 04:00:00+00:00,57.96,59.2,57.58,58.52,6642
2022-07-18 08:00:00+00:00,58.52,59.2,57.8,58.1,10126
2022-07-18 12:00:00+00:00,58.18,58.4,57.7,57.76,7890
2022-07-19 04:00:00+00:00,57.2,58.5,57.2,57.5,2932
2022-07-19 08:00:00+00:00,57.5,58.46,57.3,58.32,8406
2022-07-19 12:00:00+00:00,58.32,58.32,57.8,58.0,1610
2022-07-20 04:00:00+00:00,58.44,58.5,57.0,57.24,5918
2022-07-20 08:00:00+00:00,57.32,58.5,57.32,57.8,5500
2022-07-20 12:00:00+00:00,57.8,57.88,57.22,57.24,3166
2022-07-21 04:00:00+00:00,57.04,57.2,56.34,56.4,3624
2022-07-21 08:00:00+00:00,56.56,57.0,55.5,56.4,17448
2022-07-21 12:00:00+00:00,56.48,57.48,56.28,56.8,5282
2022-07-22 04:00:00+00:00,56.8,57.94,56.72,57.6,3142
2022-07-22 08:00:00+00:00,57.68,57.86,57.14,57.54,6552
2022-07-22 12:00:00+00:00,57.62,57.72,57.04,57.2,5112
2022-07-25 04:00:00+00:00,57.24,58.0,56.8,56.9,2268
2022-07-25 08:00:00+00:00,57.1,57.22,56.7,56.8,10336
2022-07-25 12:00:00+00:00,56.8,56.9,56.4,56.68,19998
2022-07-26 04:00:00+00:00,57.5,57.64,56.02,56.64,7346
2022-07-26 08:00:00+00:00,56.6,57.1,56.4,56.6,11766
2022-07-26 12:00:00+00:00,56.38,56.96,56.38,56.5,9288
2022-07-27 04:00:00+00:00,57.0,57.94,56.52,57.46,9728
2022-07-27 08:00:00+00:00,57.32,59.44,56.88,58.76,27598
2022-07-27 12:00:00+00:00,58.9,61.96,58.56,59.62,102516
2022-07-28 04:00:00+00:00,59.82,61.88,59.0,61.44,24694
2022-07-28 08:00:00+00:00,61.34,61.44,59.12,59.6,25696
2022-07-28 12:00:00+00:00,59.88,60.26,59.22,59.5,12352
2022-07-29 04:00:00+00:00,60.32,61.0,59.6,60.5,7926
2022-07-29 08:00:00+00:00,60.48,68.18,60.12,64.8,173560
2022-07-29 12:00:00+00:00,64.8,67.7,62.5,63.0,256748
2022-08-01 04:00:00+00:00,64.0,66.12,62.5,64.9,46894
2022-08-01 08:00:00+00:00,64.9,65.98,63.0,64.74,53600
2022-08-01 12:00:00+00:00,64.6,67.0,63.98,67.0,37306
2022-08-02 04:00:00+00:00,67.34,72.78,67.0,69.66,143436
2022-08-02 08:00:00+00:00,69.78,71.4,68.6,70.04,71696
2022-08-02 12:00:00+00:00,70.02,73.0,69.66,72.84,100944
2022-08-03 04:00:00+00:00,73.52,73.56,67.28,69.5,70644
2022-08-03 08:00:00+00:00,69.5,70.0,66.52,67.7,71750
2022-08-03 12:00:00+00:00,67.94,70.0,67.08,69.0,40606
2022-08-04 04:00:00+00:00,69.9,69.9,67.9,68.74,13138
2022-08-04 08:00:00+00:00,68.52,69.6,66.32,67.98,37280
2022-08-04 12:00:00+00:00,67.96,68.54,63.68,64.86,76768
2022-08-05 04:00:00+00:00,65.76,74.94,63.0,71.22,167298
2022-08-05 08:00:00+00:00,71.2,72.0,68.44,70.76,132060
2022-08-05 12:00:00+00:00,70.66,70.86,68.0,68.2,54956
2022-08-08 04:00:00+00:00,68.9,72.5,68.74,71.28,49112
2022-08-08 08:00:00+00:00,71.28,74.32,70.72,72.2,78126
2022-08-08 12:00:00+00:00,72.12,73.94,71.5,72.5,68014
2022-08-09 04:00:00+00:00,72.82,74.0,71.66,72.98,45848
2022-08-09 08:00:00+00:00,72.92,72.92,70.36,71.64,45130
2022-08-09 12:00:00+00:00,71.42,71.58,68.18,70.72,43978
2022-08-10 04:00:00+00:00,70.72,72.0,68.52,69.94,30354
2022-08-10 08:00:00+00:00,69.9,70.86,68.9,69.48,38980
2022-08-10 12:00:00+00:00,69.48,70.1,69.0,69.84,20928
2022-08-11 04:00:00+00:00,70.76,70.76,68.96,69.9,13486
2022-08-11 08:00:00+00:00,69.82,69.9,68.4,68.5,28882
2022-08-11 12:00:00+00:00,68.66,68.82,67.6,67.9,25620
2022-08-12 04:00:00+00:00,68.62,72.3,66.88,70.32,49620
2022-08-12 08:00:00+00:00,70.2,70.96,69.0,69.98,36440
2022-08-12 12:00:00+00:00,69.94,70.1,68.3,68.88,19556
2022-08-15 04:00:00+00:00,70.08,72.0,69.58,71.08,24002
2022-08-15 08:00:00+00:00,71.06,71.4,70.32,70.84,16360
2022-08-15 12:00:00+00:00,70.8,71.22,69.5,69.78,12036
2022-08-16 04:00:00+00:00,70.38,70.7,70.04,70.4,4258
2022-08-16 08:00:00+00:00,70.4,70.74,69.9,70.5,13164
2022-08-16 12:00:00+00:00,70.3,72.46,69.82,71.72,31778
2022-08-17 04:00:00+00:00,72.02,75.6,72.02,74.66,59244
2022-08-17 08:00:00+00:00,74.66,81.66,74.12,78.54,355832
2022-08-17 12:00:00+00:00,78.54,82.5,77.72,81.9,201048
2022-08-18 04:00:00+00:00,81.84,86.9,78.42,85.5,364608
2022-08-18 08:00:00+00:00,85.64,88.46,85.0,88.04,349014
2022-08-18 12:00:00+00:00,88.02,88.36,84.88,85.0,180736
2022-08-19 04:00:00+00:00,82.7,89.8,81.0,89.06,197688
2022-08-19 08:00:00+00:00,89.06,89.06,82.24,82.84,277192
2022-08-19 12:00:00+00:00,82.76,84.7,81.22,81.22,71750
2022-08-22 04:00:00+00:00,82.4,87.0,81.68,86.38,164700
2022-08-22 08:00:00+00:00,86.22,86.28,83.02,85.48,108906
2022-08-22 12:00:00+00:00,85.24,85.44,82.4,83.72,55426
2022-08-23 04:00:00+00:00,83.74,85.8,83.22,84.2,31470
2022-08-23 08:00:00+00:00,84.2,84.5,83.0,83.2,22600
2022-08-23 12:00:00+00:00,83.26,83.88,80.6,82.0,48458
2022-08-24 04:00:00+00:00,82.62,83.4,80.64,81.5,16688
2022-08-24 08:00:00+00:00,81.5,81.7,80.02,80.34,46890
2022-08-24 12:00:00+00:00,80.34,80.5,79.02,79.12,38610
2022-08-25 04:00:00+00:00,79.5,80.88,79.1,80.08,24426
2022-08-25 08:00:00+00:00,79.9,80.0,79.12,79.72,18254
2022-08-25 12:00:00+00:00,79.64,79.64,79.1,79.14,15546
2022-08-26 04:00:00+00:00,79.48,79.92,75.3,78.38,37448
2022-08-26 08:00:00+00:00,78.4,78.4,77.3,77.74,27928
2022-08-26 12:00:00+00:00,77.74,78.74,77.34,78.7,24734
2022-08-29 04:00:00+00:00,79.0,82.0,77.62,81.02,55952
2022-08-29 08:00:00+00:00,81.16,83.74,80.02,80.3,112462
2022-08-29 12:00:00+00:00,80.3,80.94,79.02,79.78,38876
2022-08-30 04:00:00+00:00,80.6,81.8,80.1,80.92,36346
2022-08-30 08:00:00+00:00,80.94,81.6,79.8,81.5,25944
2022-08-30 12:00:00+00:00,81.36,81.66,80.54,81.06,22734
2022-08-31 04:00:00+00:00,76.12,82.0,76.12,80.12,46826
2022-08-31 08:00:00+00:00,80.1,80.98,78.5,79.06,30650
2022-08-31 12:00:00+00:00,79.0,81.16,78.9,79.82,22974
2022-09-01 04:00:00+00:00,80.5,80.84,78.6,79.0,18474
2022-09-01 08:00:00+00:00,78.92,88.6,78.92,86.32,550394
2022-09-01 12:00:00+00:00,86.24,86.5,82.0,82.98,222810
2022-09-02 04:00:00+00:00,84.0,86.02,83.0,84.22,54848
2022-09-02 08:00:00+00:00,84.26,84.68,83.1,83.72,30098
2022-09-02 12:00:00+00:00,83.72,84.5,82.0,83.3,49532
2022-09-05 04:00:00+00:00,83.42,83.8,82.04,82.48,15678
2022-09-05 08:00:00+00:00,82.48,82.64,81.5,81.62,25684
2022-09-05 12:00:00+00:00,81.78,84.12,81.7,83.8,33328
2022-09-06 04:00:00+00:00,83.6,85.6,82.88,84.98,47514
2022-09-06 08:00:00+00:00,84.98,85.0,81.5,81.52,69266
2022-09-06 12:00:00+00:00,81.52,82.98,81.0,81.82,34652
2022-09-07 04:00:00+00:00,81.92,82.0,79.0,80.6,25630
2022-09-07 08:00:00+00:00,80.72,81.2,79.62,80.8,20886
2022-09-07 12:00:00+00:00,80.88,81.7,79.88,80.72,19808
2022-09-08 04:00:00+00:00,81.04,81.14,79.88,80.34,7076
2022-09-08 08:00:00+00:00,80.34,80.48,79.0,79.62,31186
2022-09-08 12:00:00+00:00,79.72,79.98,78.5,79.0,19650
2022-09-09 04:00:00+00:00,79.2,79.2,76.5,78.4,36566
2022-09-09 08:00:00+00:00,78.52,85.38,77.88,82.42,263188
2022-09-09 12:00:00+00:00,82.42,82.64,80.92,81.5,47280
2022-09-12 04:00:00+00:00,82.0,83.06,80.0,81.66,19124
2022-09-12 08:00:00+00:00,81.76,82.06,81.0,81.74,19196
2022-09-12 12:00:00+00:00,81.7,81.74,81.0,81.14,11458
2022-09-13 04:00:00+00:00,81.2,82.0,81.18,81.38,4202
2022-09-13 08:00:00+00:00,81.38,81.5,81.02,81.3,11934
2022-09-13 12:00:00+00:00,81.32,81.5,80.5,80.64,12294
2022-09-14 04:00:00+00:00,81.4,81.4,79.5,80.14,9244
2022-09-14 08:00:00+00:00,80.2,81.32,79.22,79.9,14708
2022-09-14 12:00:00+00:00,79.94,80.96,79.58,79.8,7720
2022-09-15 04:00:00+00:00,81.0,83.22,79.42,83.06,23852
2022-09-15 08:00:00+00:00,83.1,83.96,80.5,80.92,65758
2022-09-15 12:00:00+00:00,80.92,82.18,80.68,81.0,23180
2022-09-16 04:00:00+00:00,81.4,81.82,80.32,80.4,16748
2022-09-16 08:00:00+00:00,80.46,81.42,80.2,80.4,26948
2022-09-16 12:00:00+00:00,80.26,82.32,80.04,80.38,47378
2022-09-19 04:00:00+00:00,80.76,80.76,79.42,80.28,21312
2022-09-19 08:00:00+00:00,80.24,80.7,79.44,79.98,32844
2022-09-19 12:00:00+00:00,79.92,80.0,79.7,79.7,13918
2022-09-20 04:00:00+00:00,80.6,81.8,77.02,79.52,60824
2022-09-20 08:00:00+00:00,79.5,79.7,71.92,73.2,78150
2022-09-20 12:00:00+00:00,73.22,76.0,68.3,69.6,103680
2022-09-21 04:00:00+00:00,62.64,68.82,54.5,64.76,101188
2022-09-21 08:00:00+00:00,64.76,68.98,64.74,67.96,49342
2022-09-21 12:00:00+00:00,67.9,67.9,64.7,65.0,21838
2022-09-22 04:00:00+00:00,65.0,68.4,65.0,67.9,22524
2022-09-22 08:00:00+00:00,67.94,71.3,67.76,68.9,88672
2022-09-22 12:00:00+00:00,69.1,69.16,68.36,68.98,19466
2022-09-23 04:00:00+00:00,70.88,70.9,65.46,65.94,29086
2022-09-23 08:00:00+00:00,65.82,65.96,62.4,62.94,62710
2022-09-23 12:00:00+00:00,62.88,63.36,60.9,62.1,39314
2022-09-26 04:00:00+00:00,61.68,61.68,54.84,56.78,58938
2022-09-26 08:00:00+00:00,56.78,57.22,51.24,54.7,96044
2022-09-26 12:00:00+00:00,54.54,57.0,53.1,53.1,36290
2022-09-27 04:00:00+00:00,53.08,55.98,53.08,55.34,15890
2022-09-27 08:00:00+00:00,55.34,56.1,53.3,53.66,23728
2022-09-27 12:00:00+00:00,53.64,53.66,50.88,52.6,25820
2022-09-28 04:00:00+00:00,52.72,55.8,52.72,54.32,14574
2022-09-28 08:00:00+00:00,54.3,54.4,52.98,53.4,12444
2022-09-28 12:00:00+00:00,53.78,54.0,51.32,52.38,15964
2022-09-29 04:00:00+00:00,52.42,53.5,52.08,52.7,6370
2022-09-29 08:00:00+00:00,52.7,54.5,49.42,49.6,41688
2022-09-29 12:00:00+00:00,49.6,51.3,48.66,49.38,34408
2022-09-30 04:00:00+00:00,50.34,52.36,46.36,48.12,39502
2022-09-30 08:00:00+00:00,48.12,48.48,45.0,45.68,42540
2022-09-30 12:00:00+00:00,45.68,51.76,45.58,49.12,73042
2022-10-03 04:00:00+00:00,50.3,55.0,50.24,52.26,27826
2022-10-03 08:00:00+00:00,52.02,53.34,51.98,52.62,31138
2022-10-03 12:00:00+00:00,52.76,54.86,52.54,54.66,35050
2022-10-04 04:00:00+00:00,55.0,57.5,53.84,54.94,25174
2022-10-04 08:00:00+00:00,54.92,55.48,52.0,54.36,45452
2022-10-04 12:00:00+00:00,54.42,54.94,53.3,54.36,7980
2022-10-05 04:00:00+00:00,54.36,54.38,52.16,52.9,8238
2022-10-05 08:00:00+00:00,52.92,53.0,50.0,52.34,34894
2022-10-05 12:00:00+00:00,52.32,52.72,51.8,52.04,11014
2022-10-06 04:00:00+00:00,54.0,58.78,52.5,56.9,122830
2022-10-06 08:00:00+00:00,56.9,61.54,56.2,59.1,311416
2022-10-06 12:00:00+00:00,59.1,59.88,57.32,57.82,50890
2022-10-07 04:00:00+00:00,58.02,61.0,57.98,58.84,62950
2022-10-07 08:00:00+00:00,58.68,59.78,55.62,57.28,50998
2022-10-07 12:00:00+00:00,57.28,57.66,53.34,54.58,33394
2022-10-10 04:00:00+00:00,52.58,57.1,48.0,55.64,45284
2022-10-10 08:00:00+00:00,55.66,57.0,53.3,55.48,30650
2022-10-10 12:00:00+00:00,55.46,56.58,54.34,56.4,22682
2022-10-11 04:00:00+00:00,56.46,58.46,55.58,56.3,25454
2022-10-11 08:00:00+00:00,56.28,58.16,55.66,57.2,30230
2022-10-11 12:00:00+00:00,57.2,58.2,56.5,57.36,19132
2022-10-12 04:00:00+00:00,58.2,58.8,57.02,57.7,19174
2022-10-12 08:00:00+00:00,57.56,57.88,56.7,57.6,22948
2022-10-12 12:00:00+00:00,57.6,57.66,57.14,57.3,10952
2022-10-13 04:00:00+00:00,57.78,57.78,54.72,56.8,15638
2022-10-13 08:00:00+00:00,56.8,58.4,56.58,57.84,35130
2022-10-13 12:00:00+00:00,57.9,59.0,56.94,58.02,35630
2022-10-14 04:00:00+00:00,58.08,59.3,58.08,58.5,8928
2022-10-14 08:00:00+00:00,58.5,60.0,58.26,58.8,49468
2022-10-14 12:00:00+00:00,58.8,59.46,58.22,58.22,13802
2022-10-17 04:00:00+00:00,58.76,60.48,58.76,59.6,29440
2022-10-17 08:00:00+00:00,59.62,60.5,59.48,60.4,41386
2022-10-17 12:00:00+00:00,60.4,60.86,59.6,60.86,32570
2022-10-18 04:00:00+00:00,62.1,62.78,61.02,61.06,46328
2022-10-18 08:00:00+00:00,61.28,61.64,59.3,60.6,34018
2022-10-18 12:00:00+00:00,60.68,61.2,60.32,60.38,11818
2022-10-19 04:00:00+00:00,60.36,60.36,57.04,58.34,33734
2022-10-19 08:00:00+00:00,58.34,59.46,57.48,58.7,17664
2022-10-19 12:00:00+00:00,58.7,60.0,58.16,59.02,19328
2022-10-20 04:00:00+00:00,59.0,60.0,58.94,59.96,8390
2022-10-20 08:00:00+00:00,59.82,59.9,59.14,59.64,5180
2022-10-20 12:00:00+00:00,59.64,59.72,58.0,58.62,22430
2022-10-21 04:00:00+00:00,58.9,58.96,58.08,58.62,2594
2022-10-21 08:00:00+00:00,58.6,58.68,57.1,57.5,38950
2022-10-21 12:00:00+00:00,57.5,58.46,57.46,57.62,9066
2022-10-24 04:00:00+00:00,57.84,59.7,57.84,58.5,15380
2022-10-24 08:00:00+00:00,58.6,59.9,58.38,58.68,16004
2022-10-24 12:00:00+00:00,58.74,59.6,58.48,58.8,13484
2022-10-25 04:00:00+00:00,58.82,59.74,58.6,59.44,5948
2022-10-25 08:00:00+00:00,59.5,59.94,58.76,59.38,20688
2022-10-25 12:00:00+00:00,59.38,59.9,59.32,59.68,12362
2022-10-26 04:00:00+00:00,60.02,60.98,59.52,59.62,21894
2022-10-26 08:00:00+00:00,59.84,67.56,59.54,63.82,499372
2022-10-26 12:00:00+00:00,63.84,66.2,63.7,64.36,129260
2022-10-27 04:00:00+00:00,65.2,68.46,64.58,66.3,137210
2022-10-27 08:00:00+00:00,66.28,66.94,65.14,66.36,54106
2022-10-27 12:00:00+00:00,66.36,67.0,65.6,66.24,22284
2022-10-28 04:00:00+00:00,65.5,66.76,63.14,63.92,29298
2022-10-28 08:00:00+00:00,64.06,65.7,63.92,64.98,27276
2022-10-28 12:00:00+00:00,65.04,65.42,64.3,65.0,11712
2022-10-31 04:00:00+00:00,66.0,66.16,65.0,65.6,20822
2022-10-31 08:00:00+00:00,65.46,66.0,64.98,65.64,16252
2022-10-31 12:00:00+00:00,65.58,65.8,64.36,64.68,14242
2022-11-01 04:00:00+00:00,66.0,69.46,66.0,67.9,113854
2022-11-01 08:00:00+00:00,67.9,68.26,67.04,67.92,39968
2022-11-01 12:00:00+00:00,67.92,68.24,67.5,67.8,16628
2022-11-02 04:00:00+00:00,68.24,69.6,67.08,67.18,33660
2022-11-02 08:00:00+00:00,67.18,69.6,66.4,67.74,48798
2022-11-02 12:00:00+00:00,67.66,68.18,67.06,67.1,17172
2022-11-03 04:00:00+00:00,67.22,67.56,65.5,66.38,17566
2022-11-03 08:00:00+00:00,66.38,66.5,65.3,65.6,13078
2022-11-03 12:00:00+00:00,65.6,66.78,65.5,66.04,13090
2022-11-07 04:00:00+00:00,66.76,67.3,66.5,67.2,16746
2022-11-07 08:00:00+00:00,67.2,67.8,66.8,66.9,17662
2022-11-07 12:00:00+00:00,66.9,67.3,66.66,66.96,10124
2022-11-08 04:00:00+00:00,67.32,67.78,66.9,66.9,4608
2022-11-08 08:00:00+00:00,67.0,67.16,65.78,66.7,13526
2022-11-08 12:00:00+00:00,66.52,67.18,66.5,66.98,5936
2022-11-09 04:00:00+00:00,67.3,67.38,65.02,66.16,10758
2022-11-09 08:00:00+00:00,66.16,66.26,64.66,65.38,22302
2022-11-09 12:00:00+00:00,65.36,65.48,63.7,63.7,24444
2022-11-10 04:00:00+00:00,63.92,67.1,63.72,65.52,33966
2022-11-10 08:00:00+00:00,65.52,66.16,64.56,64.96,20168
2022-11-10 12:00:00+00:00,64.94,65.72,64.04,65.62,16270
2022-11-11 04:00:00+00:00,65.88,66.7,64.78,65.7,11578
2022-11-11 08:00:00+00:00,65.66,66.06,65.24,65.96,7722
2022-11-11 12:00:00+00:00,65.96,65.96,64.78,64.84,6734
2022-11-14 04:00:00+00:00,64.92,66.2,64.52,66.1,7442
2022-11-14 08:00:00+00:00,66.08,66.68,65.68,66.6,15104
2022-11-14 12:00:00+00:00,66.6,66.68,65.0,65.66,12320
2022-11-15 04:00:00+00:00,66.5,66.8,65.66,65.9,10884
2022-11-15 08:00:00+00:00,65.76,66.0,64.5,65.12,18720
2022-11-15 12:00:00+00:00,65.26,65.42,64.5,64.92,6138
2022-11-16 04:00:00+00:00,65.24,65.6,64.58,64.86,10198
2022-11-16 08:00:00+00:00,64.84,66.0,64.48,65.7,29542
2022-11-16 12:00:00+00:00,65.84,67.0,65.0,67.0,61970
2022-11-17 04:00:00+00:00,67.04,70.66,67.04,69.46,160388
2022-11-17 08:00:00+00:00,69.36,69.5,68.04,68.92,58292
2022-11-17 12:00:00+00:00,68.92,68.92,67.0,67.34,38732
2022-11-18 04:00:00+00:00,67.1,68.1,67.0,67.46,5800
2022-11-18 08:00:00+00:00,67.44,67.76,66.0,66.88,16786
2022-11-18 12:00:00+00:00,66.68,67.14,65.9,65.94,14658
2022-11-21 04:00:00+00:00,66.72,66.9,63.82,65.5,34304
2022-11-21 08:00:00+00:00,65.48,65.5,64.1,64.96,37352
2022-11-21 12:00:00+00:00,64.96,65.24,64.0,64.04,20806
2022-11-22 04:00:00+00:00,65.2,65.5,64.08,65.5,13804
2022-11-22 08:00:00+00:00,65.3,65.94,64.66,65.34,19004
2022-11-22 12:00:00+00:00,65.34,65.66,64.8,65.44,11012
2022-11-23 04:00:00+00:00,65.44,65.46,64.48,65.1,6150
2022-11-23 08:00:00+00:00,65.1,66.74,64.5,65.16,45036
2022-11-23 12:00:00+00:00,65.2,65.6,65.14,65.54,7474
2022-11-24 04:00:00+00:00,65.78,66.18,65.54,65.88,6470
2022-11-24 08:00:00+00:00,65.88,66.1,65.66,65.9,11484
2022-11-24 12:00:00+00:00,65.9,65.98,65.3,65.4,9682
2022-11-25 04:00:00+00:00,65.16,65.92,65.1,65.42,5006
2022-11-25 08:00:00+00:00,65.34,65.68,64.6,64.96,13602
2022-11-25 12:00:00+00:00,64.96,65.9,64.64,64.74,16702
2022-11-28 04:00:00+00:00,64.68,64.98,64.24,64.52,6936
2022-11-28 08:00:00+00:00,64.64,65.52,64.14,64.9,14580
2022-11-28 12:00:00+00:00,64.86,65.44,64.42,65.06,10704
2022-11-29 04:00:00+00:00,65.0,65.76,64.98,65.46,6050
2022-11-29 08:00:00+00:00,65.44,66.48,64.8,65.52,36746
2022-11-29 12:00:00+00:00,65.5,65.52,65.18,65.18,3158
2022-11-30 04:00:00+00:00,65.84,66.18,65.1,65.6,6140
2022-11-30 08:00:00+00:00,65.54,65.68,65.24,65.54,5528
2022-11-30 12:00:00+00:00,65.54,65.8,65.26,65.54,6494
2022-12-01 04:00:00+00:00,65.74,66.62,65.42,66.22,17916
2022-12-01 08:00:00+00:00,66.2,66.9,65.76,66.2,14810
2022-12-01 12:00:00+00:00,66.04,66.22,65.8,66.1,6718
2022-12-02 04:00:00+00:00,66.48,66.48,65.6,65.8,6098
2022-12-02 08:00:00+00:00,65.72,65.96,65.04,65.38,6692
2022-12-02 12:00:00+00:00,65.36,65.58,65.02,65.24,6696
2022-12-05 04:00:00+00:00,65.3,65.78,64.84,65.22,9076
2022-12-05 08:00:00+00:00,65.08,65.38,64.54,65.18,17758
2022-12-05 12:00:00+00:00,65.18,65.32,64.8,65.0,5228
2022-12-06 04:00:00+00:00,65.12,68.4,65.04,66.06,81166
2022-12-06 08:00:00+00:00,66.16,67.12,65.82,66.54,34320
2022-12-06 12:00:00+00:00,66.52,66.54,65.8,65.82,11498
2022-12-07 04:00:00+00:00,66.04,66.18,65.14,65.78,3640
2022-12-07 08:00:00+00:00,65.7,65.8,65.2,65.42,4916
2022-12-07 12:00:00+00:00,65.42,65.72,65.2,65.4,3778
2022-12-08 04:00:00+00:00,66.04,66.04,65.34,65.52,3808
2022-12-08 08:00:00+00:00,65.52,65.58,64.44,65.02,12168
2022-12-08 12:00:00+00:00,65.0,65.06,64.06,64.7,18530
2022-12-09 04:00:00+00:00,64.86,65.76,64.66,65.2,14338
2022-12-09 08:00:00+00:00,65.12,65.2,64.6,64.72,15756
2022-12-09 12:00:00+00:00,64.7,64.72,62.5,64.54,38030
2022-12-12 04:00:00+00:00,64.64,64.9,62.6,63.9,23716
2022-12-12 08:00:00+00:00,63.86,65.0,63.32,63.6,18360
2022-12-12 12:00:00+00:00,63.74,63.96,63.52,63.86,3312
2022-12-13 04:00:00+00:00,64.14,64.84,63.68,64.1,5630
2022-12-13 08:00:00+00:00,64.08,66.8,63.88,64.38,133112
2022-12-13 12:00:00+00:00,64.36,64.42,63.62,64.14,21196
2022-12-14 04:00:00+00:00,64.22,64.28,62.9,63.3,15024
2022-12-14 08:00:00+00:00,63.36,63.36,62.7,63.0,18714
2022-12-14 12:00:00+00:00,63.04,63.04,62.0,62.38,44614
2022-12-15 04:00:00+00:00,62.44,62.8,60.4,60.7,33864
2022-12-15 08:00:00+00:00,60.76,61.48,60.34,61.18,23422
2022-12-15 12:00:00+00:00,61.18,62.0,59.98,60.5,43296
2022-12-16 04:00:00+00:00,61.0,61.06,59.9,60.7,6314
2022-12-16 08:00:00+00:00,60.7,60.9,59.6,60.5,16270
2022-12-16 12:00:00+00:00,60.5,61.26,60.4,61.0,11258
2022-12-19 04:00:00+00:00,60.92,61.5,59.92,60.3,14434
2022-12-19 08:00:00+00:00,60.12,60.84,60.0,60.04,9094
2022-12-19 12:00:00+00:00,60.04,60.56,59.78,60.12,10746
2022-12-20 04:00:00+00:00,60.38,60.38,59.12,59.92,11006
2022-12-20 08:00:00+00:00,59.9,60.68,59.74,60.3,9020
2022-12-20 12:00:00+00:00,60.32,60.76,60.0,60.3,11606
2022-12-21 04:00:00+00:00,60.36,62.94,60.36,60.74,25256
2022-12-21 08:00:00+00:00,60.72,63.96,60.0,62.76,91178
2022-12-21 12:00:00+00:00,62.72,62.96,60.34,61.28,50874
2022-12-22 04:00:00+00:00,61.6,61.9,60.3,61.12,14092
2022-12-22 08:00:00+00:00,61.08,62.6,60.84,61.96,36892
2022-12-22 12:00:00+00:00,62.02,62.78,60.82,60.82,30188
2022-12-23 04:00:00+00:00,61.06,62.18,60.86,61.82,9206
2022-12-23 08:00:00+00:00,61.78,62.5,61.52,61.88,26140
2022-12-23 12:00:00+00:00,61.96,62.7,61.2,62.5,29790
2022-12-26 04:00:00+00:00,62.3,63.38,62.24,62.54,12558
2022-12-26 08:00:00+00:00,62.54,64.8,62.0,63.72,91998
2022-12-26 12:00:00+00:00,63.56,63.82,62.56,62.78,15984
2022-12-27 04:00:00+00:00,63.0,63.48,62.5,62.6,6698
2022-12-27 08:00:00+00:00,62.6,62.76,62.2,62.74,16960
2022-12-27 12:00:00+00:00,62.74,63.0,62.22,62.32,17558
2022-12-28 04:00:00+00:00,62.42,62.52,61.78,61.98,12722
2022-12-28 08:00:00+00:00,61.98,62.0,61.78,61.84,11538
2022-12-28 12:00:00+00:00,61.96,61.98,61.0,61.0,22078
2022-12-29 04:00:00+00:00,61.0,62.4,61.0,61.98,8694
2022-12-29 08:00:00+00:00,61.98,66.98,61.5,64.0,519522
2022-12-29 12:00:00+00:00,64.0,64.5,62.12,63.04,73990
2022-12-30 04:00:00+00:00,62.46,63.48,62.0,62.82,23152
2022-12-30 08:00:00+00:00,62.92,63.44,62.0,62.84,51480
2022-12-30 12:00:00+00:00,62.7,62.86,62.0,62.06,34992
2023-01-03 04:00:00+00:00,62.06,62.8,61.12,62.72,11228
2023-01-03 08:00:00+00:00,62.72,64.32,62.22,62.92,38326
2023-01-03 12:00:00+00:00,62.98,63.62,62.62,62.8,9282
2023-01-04 04:00:00+00:00,62.84,63.5,62.16,62.72,11538
2023-01-04 08:00:00+00:00,62.8,63.36,62.58,62.84,13654
2023-01-04 12:00:00+00:00,62.84,63.0,62.62,62.86,6730
2023-01-05 04:00:00+00:00,63.26,63.26,62.6,62.88,5838
2023-01-05 08:00:00+00:00,62.9,63.1,62.7,63.02,7984
2023-01-05 12:00:00+00:00,62.88,63.0,62.16,62.7,8840
2023-01-06 04:00:00+00:00,62.28,62.76,62.28,62.7,1344
2023-01-06 08:00:00+00:00,62.7,62.94,62.52,62.86,10674
2023-01-06 12:00:00+00:00,62.84,62.86,62.38,62.48,6198
2023-01-09 04:00:00+00:00,62.6,63.2,62.54,63.18,5822
2023-01-09 08:00:00+00:00,63.18,64.0,63.04,63.64,38506
2023-01-09 12:00:00+00:00,63.54,68.92,63.4,65.9,468276
2023-01-10 04:00:00+00:00,66.6,67.38,64.84,65.78,53212
2023-01-10 08:00:00+00:00,65.78,72.0,65.22,67.66,732368
2023-01-10 12:00:00+00:00,67.64,68.64,66.02,67.52,190206
2023-01-11 04:00:00+00:00,67.84,71.0,66.68,70.84,159630
2023-01-11 08:00:00+00:00,70.84,73.44,68.4,69.94,376658
2023-01-11 12:00:00+00:00,70.0,70.2,68.66,69.8,62130
2023-01-12 04:00:00+00:00,70.64,70.64,67.98,68.28,40362
2023-01-12 08:00:00+00:00,68.1,69.46,67.88,69.14,33582
2023-01-12 12:00:00+00:00,68.98,69.28,67.04,67.28,41228
2023-01-13 04:00:00+00:00,67.68,68.8,67.0,68.38,26870
2023-01-13 08:00:00+00:00,68.3,68.9,67.44,67.82,60384
2023-01-13 12:00:00+00:00,67.88,68.14,67.06,67.46,41606
2023-01-16 04:00:00+00:00,68.2,69.46,67.74,69.14,36916
2023-01-16 08:00:00+00:00,69.14,73.44,69.04,70.78,506716
2023-01-16 12:00:00+00:00,70.8,71.4,70.14,70.98,94334
2023-01-17 04:00:00+00:00,71.14,71.48,69.0,69.34,67454
2023-01-17 08:00:00+00:00,69.32,69.72,68.52,69.5,45558
2023-01-17 12:00:00+00:00,69.54,69.58,68.88,68.88,27440
2023-01-18 04:00:00+00:00,69.04,69.28,68.12,69.06,14686
2023-01-18 08:00:00+00:00,69.1,72.26,68.6,70.4,171110
2023-01-18 12:00:00+00:00,70.4,70.7,69.0,70.0,67704
2023-01-19 04:00:00+00:00,70.34,70.82,69.32,70.12,19772
2023-01-19 08:00:00+00:00,70.14,70.8,69.04,69.96,42218
2023-01-19 12:00:00+00:00,69.64,69.98,68.8,68.8,17380
2023-01-20 04:00:00+00:00,69.18,69.84,68.9,69.5,5180
2023-01-20 08:00:00+00:00,69.58,69.9,68.84,69.32,14552
2023-01-20 12:00:00+00:00,69.34,69.48,69.0,69.4,12680
2023-01-23 04:00:00+00:00,71.0,71.28,69.5,70.54,82842
2023-01-23 08:00:00+00:00,70.44,70.88,69.9,70.24,39782
2023-01-23 12:00:00+00:00,70.24,70.52,70.0,70.3,20876
2023-01-24 04:00:00+00:00,70.62,71.98,70.06,71.42,50980
2023-01-24 08:00:00+00:00,71.52,71.98,70.6,71.06,52268
2023-01-24 12:00:00+00:00,71.0,71.02,70.6,70.76,10664
2023-01-25 04:00:00+00:00,70.24,70.92,68.78,70.08,35492
2023-01-25 08:00:00+00:00,70.26,70.26,69.5,69.76,20528
2023-01-25 12:00:00+00:00,69.8,70.3,69.0,69.3,36460
2023-01-26 04:00:00+00:00,69.78,70.6,69.38,70.24,24230
2023-01-26 08:00:00+00:00,70.22,72.96,69.82,71.52,465398
2023-01-26 12:00:00+00:00,71.64,74.8,71.0,71.5,372512
2023-01-27 04:00:00+00:00,72.6,84.3,72.36,81.28,1426060
2023-01-27 08:00:00+00:00,81.12,89.6,79.12,86.86,3151996
2023-01-27 12:00:00+00:00,86.86,87.66,79.3,79.8,1410822
2023-01-30 04:00:00+00:00,82.8,82.8,78.14,79.18,277264
2023-01-30 08:00:00+00:00,79.18,88.72,78.3,86.78,1335404
2023-01-30 12:00:00+00:00,86.72,96.6,85.52,91.58,3916884
2023-01-31 04:00:00+00:00,91.72,102.62,91.72,100.7,2291310
2023-01-31 08:00:00+00:00,100.68,104.44,93.88,95.12,2283104
2023-01-31 12:00:00+00:00,95.1,99.66,95.04,97.0,595264
2023-02-01 04:00:00+00:00,98.84,99.96,91.0,92.76,382720
2023-02-01 08:00:00+00:00,92.72,96.4,92.2,93.32,263860
2023-02-01 12:00:00+00:00,93.3,93.4,91.5,91.5,92078
2023-02-02 04:00:00+00:00,91.8,93.42,88.84,92.36,239282
2023-02-02 08:00:00+00:00,92.36,100.84,91.5,97.7,1051274
2023-02-02 12:00:00+00:00,97.7,97.72,91.5,92.56,242454
2023-02-03 04:00:00+00:00,93.84,99.12,93.1,95.3,632092
2023-02-03 08:00:00+00:00,95.28,97.5,93.32,95.52,215320
2023-02-03 12:00:00+00:00,95.5,95.74,92.2,92.78,103010
2023-02-06 04:00:00+00:00,93.96,98.3,93.22,95.94,385914
2023-02-06 08:00:00+00:00,95.94,97.38,94.8,95.16,242496
2023-02-06 12:00:00+00:00,95.1,95.98,94.94,95.5,60832
2023-02-07 04:00:00+00:00,95.5,96.36,94.02,95.12,82988
2023-02-07 08:00:00+00:00,95.12,95.46,93.4,94.16,81828
2023-02-07 12:00:00+00:00,94.14,95.98,94.02,94.58,79132
2023-02-08 04:00:00+00:00,95.4,95.98,94.4,94.64,33530
2023-02-08 08:00:00+00:00,94.68,95.48,91.5,93.9,156546
2023-02-08 12:00:00+00:00,93.88,94.0,92.82,93.84,47702
2023-02-09 04:00:00+00:00,94.1,94.26,92.06,92.66,27928
2023-02-09 08:00:00+00:00,92.54,95.4,90.6,92.44,164402
2023-02-09 12:00:00+00:00,92.46,92.68,91.5,92.16,41220
2023-02-10 04:00:00+00:00,93.0,93.5,91.9,92.16,27802
2023-02-10 08:00:00+00:00,92.16,94.1,92.0,92.74,84068
2023-02-10 12:00:00+00:00,92.8,93.04,91.5,91.5,55746
2023-02-13 04:00:00+00:00,91.18,93.48,89.2,92.3,86512
2023-02-13 08:00:00+00:00,92.3,93.7,91.42,93.02,94894
2023-02-13 12:00:00+00:00,92.88,93.1,91.56,91.88,32498
2023-02-14 04:00:00+00:00,92.1,92.3,90.5,90.7,23390
2023-02-14 08:00:00+00:00,90.7,91.26,90.0,90.46,32212
2023-02-14 12:00:00+00:00,90.48,90.7,85.16,87.86,95012
2023-02-15 04:00:00+00:00,88.08,88.08,81.5,83.06,73880
2023-02-15 08:00:00+00:00,83.06,84.88,82.56,84.6,73476
2023-02-15 12:00:00+00:00,84.6,84.78,79.08,80.36,96716
2023-02-16 04:00:00+00:00,81.3,92.28,81.2,88.28,861962
2023-02-16 08:00:00+00:00,88.32,89.22,85.2,86.18,373698
2023-02-16 12:00:00+00:00,86.18,88.2,83.86,84.0,229886
2023-02-17 04:00:00+00:00,84.48,87.9,83.2,84.78,107840
2023-02-17 08:00:00+00:00,84.78,85.56,84.1,84.76,50212
2023-02-17 12:00:00+00:00,84.7,84.86,83.9,84.22,36806
2023-02-20 04:00:00+00:00,84.12,90.8,84.02,85.82,215016
2023-02-20 08:00:00+00:00,85.82,87.96,84.1,85.7,165528
2023-02-20 12:00:00+00:00,85.7,87.8,85.22,86.38,73852
2023-02-21 04:00:00+00:00,86.3,88.66,85.44,86.1,78452
2023-02-21 08:00:00+00:00,86.1,87.7,85.06,86.6,67056
2023-02-21 12:00:00+00:00,86.6,87.44,86.2,86.86,45472
2023-02-22 04:00:00+00:00,87.5,89.9,86.9,88.48,112366
2023-02-22 08:00:00+00:00,88.5,88.6,87.9,88.52,53210
2023-02-22 12:00:00+00:00,88.52,88.58,87.88,88.4,45852
2023-02-24 04:00:00+00:00,88.64,90.9,88.14,90.1,99876
2023-02-24 08:00:00+00:00,90.1,92.32,89.0,89.32,166252
2023-02-24 12:00:00+00:00,89.3,89.72,88.58,89.0,24120
2023-02-27 04:00:00+00:00,89.0,90.48,85.06,89.32,63396
2023-02-27 08:00:00+00:00,89.28,89.48,87.8,88.68,38998
2023-02-27 12:00:00+00:00,88.68,89.54,88.32,89.3,24170
2023-02-28 04:00:00+00:00,90.5,94.86,90.1,94.26,570038
2023-02-28 08:00:00+00:00,94.24,98.4,93.8,95.6,1973850
2023-02-28 12:00:00+00:00,95.66,99.98,95.34,99.56,899264
2023-03-01 04:00:00+00:00,101.88,106.0,101.06,105.3,1461444
2023-03-01 08:00:00+00:00,105.28,105.42,103.4,104.46,537642
2023-03-01 12:00:00+00:00,104.54,114.0,103.7,113.48,1979634
2023-03-02 04:00:00+00:00,116.0,119.0,109.1,110.4,1523170
2023-03-02 08:00:00+00:00,110.38,111.66,100.22,108.24,1721306
2023-03-02 12:00:00+00:00,108.24,112.54,105.4,105.8,1284074
2023-03-03 04:00:00+00:00,106.84,110.86,106.2,108.54,487056
2023-03-03 08:00:00+00:00,108.54,113.84,108.04,111.24,1496934
2023-03-03 12:00:00+00:00,111.24,112.2,109.28,110.64,558360
2023-03-06 04:00:00+00:00,116.4,116.9,111.48,111.9,433702
2023-03-06 08:00:00+00:00,111.94,113.08,111.52,111.76,260976
2023-03-06 12:00:00+00:00,111.8,112.18,110.5,110.8,202548
2023-03-07 04:00:00+00:00,110.7,110.7,105.64,109.74,154248
2023-03-07 08:00:00+00:00,109.74,112.24,107.12,110.8,448046
2023-03-07 12:00:00+00:00,110.82,110.92,108.6,109.5,173050
2023-03-09 04:00:00+00:00,110.04,110.38,108.12,109.24,44682
2023-03-09 08:00:00+00:00,109.24,109.44,108.32,108.64,72856
2023-03-09 12:00:00+00:00,108.6,108.96,105.84,107.6,128990
2023-03-10 04:00:00+00:00,108.0,110.84,106.76,109.16,254910
2023-03-10 08:00:00+00:00,109.1,110.48,108.12,108.92,170406
2023-03-10 12:00:00+00:00,108.92,108.92,106.62,107.4,107780
2023-03-13 04:00:00+00:00,107.64,108.68,106.42,107.7,65812
2023-03-13 08:00:00+00:00,107.66,108.84,107.62,107.84,83938
2023-03-13 12:00:00+00:00,107.92,108.02,107.06,107.5,73578
2023-03-14 04:00:00+00:00,107.84,107.84,107.02,107.48,27120
2023-03-14 08:00:00+00:00,107.54,109.7,107.3,108.48,165550
2023-03-14 12:00:00+00:00,108.48,109.5,107.86,108.48,93038
2023-03-15 04:00:00+00:00,108.16,109.44,108.16,108.24,30076
2023-03-15 08:00:00+00:00,108.34,108.54,107.46,107.88,44210
2023-03-15 12:00:00+00:00,107.74,108.4,107.0,108.3,44850
2023-03-16 04:00:00+00:00,108.1,108.82,107.02,108.0,18490
2023-03-16 08:00:00+00:00,108.0,113.46,107.76,113.38,787028
2023-03-16 12:00:00+00:00,113.4,119.64,111.24,119.4,1842030
2023-03-17 04:00:00+00:00,120.0,122.68,113.4,120.72,1539328
2023-03-17 08:00:00+00:00,120.74,121.56,114.22,116.22,993418
2023-03-17 12:00:00+00:00,116.22,116.64,112.7,114.38,449048
2023-03-20 04:00:00+00:00,115.56,117.68,114.6,115.08,188648
2023-03-20 08:00:00+00:00,115.08,116.2,114.78,115.0,151976
2023-03-20 12:00:00+00:00,115.0,116.52,114.9,115.22,174368
2023-03-21 04:00:00+00:00,115.38,115.7,113.9,114.04,69648
2023-03-21 08:00:00+00:00,114.04,116.9,113.0,115.28,284106
2023-03-21 12:00:00+00:00,115.28,115.5,113.42,113.68,122400
2023-03-22 04:00:00+00:00,114.0,114.2,112.0,113.6,110432
2023-03-22 08:00:00+00:00,113.54,113.72,112.52,113.0,65764
2023-03-22 12:00:00+00:00,113.06,114.16,112.8,113.72,99106
2023-03-23 04:00:00+00:00,113.26,114.18,113.0,113.6,37944
2023-03-23 08:00:00+00:00,113.6,115.9,113.16,114.82,310670
2023-03-23 12:00:00+00:00,114.8,118.78,114.74,117.14,823554
2023-03-24 04:00:00+00:00,118.0,118.42,115.2,116.24,115826
2023-03-24 08:00:00+00:00,116.26,117.44,116.0,116.9,121108
2023-03-24 12:00:00+00:00,116.9,116.9,114.56,115.34,113156
2023-03-27 04:00:00+00:00,116.0,116.8,115.36,116.28,55332
2023-03-27 08:00:00+00:00,116.36,116.5,115.6,116.16,81944
2023-03-27 12:00:00+00:00,116.16,116.48,115.44,115.8,49600
2023-03-28 04:00:00+00:00,115.96,116.44,115.14,115.48,45642
2023-03-28 08:00:00+00:00,115.48,115.88,114.92,115.58,38044
2023-03-28 12:00:00+00:00,115.58,116.2,114.0,115.16,88274
2023-03-29 04:00:00+00:00,115.16,115.16,114.3,114.86,19272
2023-03-29 08:00:00+00:00,114.88,119.4,114.7,117.0,645756
2023-03-29 12:00:00+00:00,117.0,117.8,116.5,116.66,181138
2023-03-30 04:00:00+00:00,118.0,118.0,116.9,117.22,64180
2023-03-30 08:00:00+00:00,117.1,118.46,117.06,117.54,170844
2023-03-30 12:00:00+00:00,117.54,117.9,116.5,116.96,143208
2023-03-31 04:00:00+00:00,117.3,117.9,116.9,117.08,76382
2023-03-31 08:00:00+00:00,117.08,121.4,116.22,117.32,745824
2023-03-31 12:00:00+00:00,117.32,117.38,116.26,116.3,108276
2023-04-03 04:00:00+00:00,117.0,119.02,116.4,117.9,121264
2023-04-03 08:00:00+00:00,117.9,118.6,116.9,117.44,125470
2023-04-03 12:00:00+00:00,117.44,117.8,111.94,116.6,192628
2023-04-04 04:00:00+00:00,117.1,117.42,116.02,116.74,39556
2023-04-04 08:00:00+00:00,116.74,116.84,115.34,115.82,131346
2023-04-04 12:00:00+00:00,115.76,116.14,114.8,114.86,113218
2023-04-05 04:00:00+00:00,114.88,116.2,114.72,115.88,57048
2023-04-05 08:00:00+00:00,115.94,117.0,115.0,117.0,101508
2023-04-05 12:00:00+00:00,117.0,117.34,115.0,115.52,114790
2023-04-06 04:00:00+00:00,115.68,116.3,115.3,115.96,35706
2023-04-06 08:00:00+00:00,115.88,117.7,115.64,115.98,315020
2023-04-06 12:00:00+00:00,115.98,116.56,115.68,116.18,49966
2023-04-07 04:00:00+00:00,116.4,116.4,115.34,115.78,22428
2023-04-07 08:00:00+00:00,115.78,116.0,115.42,115.6,34524
2023-04-07 12:00:00+00:00,115.6,116.0,115.0,115.4,63088
2023-04-10 04:00:00+00:00,115.42,117.9,115.42,117.42,78526
2023-04-10 08:00:00+00:00,117.3,120.94,116.54,117.96,953168
2023-04-10 12:00:00+00:00,117.9,118.38,116.56,117.3,100160
2023-04-11 04:00:00+00:00,117.88,120.32,117.38,118.8,245414
2023-04-11 08:00:00+00:00,118.78,118.9,117.62,118.22,91420
2023-04-11 12:00:00+00:00,118.2,118.66,115.52,116.16,256066
2023-04-12 04:00:00+00:00,116.2,117.98,116.2,116.56,48208
2023-04-12 08:00:00+00:00,116.56,117.2,116.0,116.12,63248
2023-04-12 12:00:00+00:00,116.16,116.6,115.86,115.98,53076
2023-04-13 04:00:00+00:00,116.6,116.6,115.62,115.9,22604
2023-04-13 08:00:00+00:00,115.92,118.8,115.52,116.18,349324
2023-04-13 12:00:00+00:00,116.16,116.84,115.9,115.9,58818
2023-04-14 04:00:00+00:00,116.56,117.6,115.9,117.06,66082
2023-04-14 08:00:00+00:00,117.06,119.46,116.96,117.5,315722
2023-04-14 12:00:00+00:00,117.54,117.7,116.54,117.36,46932
2023-04-17 04:00:00+00:00,117.5,120.4,117.5,118.9,254268
2023-04-17 08:00:00+00:00,118.9,125.78,118.88,124.32,1610992
2023-04-17 12:00:00+00:00,124.32,126.96,123.0,126.96,488346
2023-04-18 04:00:00+00:00,127.32,128.5,123.42,124.16,406302
2023-04-18 08:00:00+00:00,124.18,124.98,122.16,123.4,259964
2023-04-18 12:00:00+00:00,123.4,123.5,121.02,122.0,200820
2023-04-19 04:00:00+00:00,122.5,122.68,120.12,121.48,65346
2023-04-19 08:00:00+00:00,121.48,123.4,121.06,121.2,149206
2023-04-19 12:00:00+00:00,121.3,121.42,117.36,119.28,265808
2023-04-20 04:00:00+00:00,119.5,121.2,119.36,120.56,74900
2023-04-20 08:00:00+00:00,120.58,120.78,116.46,118.96,227268
2023-04-20 12:00:00+00:00,118.96,118.98,117.64,118.52,73742
2023-04-21 04:00:00+00:00,118.88,119.7,117.62,118.16,52106
2023-04-21 08:00:00+00:00,118.16,118.42,117.0,117.62,69510
2023-04-21 12:00:00+00:00,117.62,118.52,117.48,117.9,38094
2023-04-24 04:00:00+00:00,119.0,120.98,118.02,120.56,112140
2023-04-24 08:00:00+00:00,120.5,122.84,119.44,121.96,290280
2023-04-24 12:00:00+00:00,121.94,122.98,120.04,122.18,180880
2023-04-25 04:00:00+00:00,123.5,123.5,119.0,119.94,126296
2023-04-25 08:00:00+00:00,119.96,120.74,119.12,119.74,77832
2023-04-25 12:00:00+00:00,119.74,125.6,119.34,125.3,516178
2023-04-26 04:00:00+00:00,127.0,127.14,122.0,124.6,296662
2023-04-26 08:00:00+00:00,124.6,126.46,122.8,123.32,276892
2023-04-26 12:00:00+00:00,123.32,123.42,121.08,122.0,108288
2023-04-27 04:00:00+00:00,122.78,127.12,122.0,125.02,775674
2023-04-27 08:00:00+00:00,125.0,125.26,122.7,122.78,223676
2023-04-27 12:00:00+00:00,122.86,123.92,122.4,123.0,77792
2023-04-28 04:00:00+00:00,123.14,124.38,121.0,122.1,71700
2023-04-28 08:00:00+00:00,122.06,122.06,117.6,119.78,153518
2023-04-28 12:00:00+00:00,119.64,120.22,119.0,119.54,79076
2023-05-02 04:00:00+00:00,119.8,120.28,117.72,118.3,55446
2023-05-02 08:00:00+00:00,118.32,118.32,116.0,116.12,148302
2023-05-02 12:00:00+00:00,116.12,116.14,102.0,106.18,508208
2023-05-03 04:00:00+00:00,106.0,107.68,97.24,101.84,271360
2023-05-03 08:00:00+00:00,101.94,112.56,100.52,107.38,442820
2023-05-03 12:00:00+00:00,107.32,107.5,100.26,100.68,158758
2023-05-04 04:00:00+00:00,100.7,106.5,100.5,103.6,234686
2023-05-04 08:00:00+00:00,103.64,105.4,103.64,104.54,56878
2023-05-04 12:00:00+00:00,104.44,104.7,102.0,103.28,62758
2023-05-05 04:00:00+00:00,103.9,105.0,101.16,103.78,35482
2023-05-05 08:00:00+00:00,103.56,104.2,102.62,102.82,35018
2023-05-05 12:00:00+00:00,102.84,103.48,100.86,101.04,54428
2023-05-08 04:00:00+00:00,101.9,103.38,101.52,102.26,28926
2023-05-08 08:00:00+00:00,102.28,102.42,101.44,101.6,9752
2023-05-08 12:00:00+00:00,101.6,102.2,101.26,101.5,13104
2023-05-10 04:00:00+00:00,102.22,104.88,101.26,103.92,59874
2023-05-10 08:00:00+00:00,103.92,104.74,103.46,104.2,39848
2023-05-10 12:00:00+00:00,104.2,105.5,104.06,104.56,30912
2023-05-11 04:00:00+00:00,105.1,107.5,105.1,107.24,72100
2023-05-11 08:00:00+00:00,107.34,109.0,104.64,105.7,99980
2023-05-11 12:00:00+00:00,105.72,108.9,105.04,108.9,39072
2023-05-12 04:00:00+00:00,108.42,108.42,104.4,106.94,68082
2023-05-12 08:00:00+00:00,106.94,106.94,105.36,106.18,29116
2023-05-12 12:00:00+00:00,106.26,106.3,105.44,105.56,32980
2023-05-15 04:00:00+00:00,106.5,108.0,106.36,107.4,37588
2023-05-15 08:00:00+00:00,107.4,107.86,106.56,106.96,29796
2023-05-15 12:00:00+00:00,106.88,107.3,106.1,107.04,23804
2023-05-16 04:00:00+00:00,107.3,108.0,106.52,106.6,21466
2023-05-16 08:00:00+00:00,106.6,107.4,105.58,107.34,35576
2023-05-16 12:00:00+00:00,107.38,107.4,106.72,106.94,14302
2023-05-17 04:00:00+00:00,106.94,107.28,106.5,106.62,7814
2023-05-17 08:00:00+00:00,106.62,108.5,106.5,107.7,73660
2023-05-17 12:00:00+00:00,107.7,107.72,106.88,107.44,22012
2023-05-18 04:00:00+00:00,107.8,110.92,107.7,109.88,142142
2023-05-18 08:00:00+00:00,109.8,114.78,109.0,113.44,380820
2023-05-18 12:00:00+00:00,113.5,113.66,110.06,112.36,167826
2023-05-19 04:00:00+00:00,112.84,113.0,108.12,111.18,73418
2023-05-19 08:00:00+00:00,111.14,111.36,110.0,110.26,41454
2023-05-19 12:00:00+00:00,110.28,110.72,109.52,109.72,28854
2023-05-22 04:00:00+00:00,111.06,112.78,110.2,110.84,24192
2023-05-22 08:00:00+00:00,110.84,110.94,110.0,110.12,25406
2023-05-22 12:00:00+00:00,110.3,110.46,108.62,109.5,23816
2023-05-23 04:00:00+00:00,109.94,110.5,105.8,107.4,41298
2023-05-23 08:00:00+00:00,107.5,107.6,106.24,106.84,32178
2023-05-23 12:00:00+00:00,106.86,107.44,104.78,107.4,53772
2023-05-24 04:00:00+00:00,112.1,114.32,110.0,111.0,237552
2023-05-24 08:00:00+00:00,110.92,111.46,109.04,109.68,59372
2023-05-24 12:00:00+00:00,109.68,112.0,109.3,111.72,51874
2023-05-25 04:00:00+00:00,111.84,112.7,109.52,109.82,66064
2023-05-25 08:00:00+00:00,109.8,110.46,108.62,109.68,29280
2023-05-25 12:00:00+00:00,109.6,112.0,107.54,108.56,53494
2023-05-26 04:00:00+00:00,108.6,111.14,108.5,109.22,30094
2023-05-26 08:00:00+00:00,109.2,110.06,109.2,109.5,25032
2023-05-26 12:00:00+00:00,109.5,109.98,108.5,109.98,28582
2023-05-29 04:00:00+00:00,110.0,110.78,110.0,110.2,11958
2023-05-29 08:00:00+00:00,110.2,110.42,109.1,110.28,24800
2023-05-29 12:00:00+00:00,110.24,111.66,107.26,107.88,159604
2023-05-30 04:00:00+00:00,107.0,108.34,105.82,107.9,36950
2023-05-30 08:00:00+00:00,107.9,108.2,106.5,107.12,45152
2023-05-30 12:00:00+00:00,107.12,107.16,105.0,105.48,57450
2023-05-31 04:00:00+00:00,105.66,105.66,102.9,103.64,43926
2023-05-31 08:00:00+00:00,103.62,103.76,102.3,103.06,66452
2023-05-31 12:00:00+00:00,103.08,104.46,103.04,103.92,34640
2023-06-01 04:00:00+00:00,103.92,105.58,103.4,105.58,27138
2023-06-01 08:00:00+00:00,105.54,105.86,104.02,104.8,32260
2023-06-01 12:00:00+00:00,104.8,104.92,103.72,103.76,14512
2023-06-02 04:00:00+00:00,103.52,105.8,103.2,104.62,26028
2023-06-02 08:00:00+00:00,104.62,105.5,104.34,104.6,24612
2023-06-02 12:00:00+00:00,104.76,104.88,102.12,103.18,47922
2023-06-05 04:00:00+00:00,103.5,104.5,103.22,103.84,20194
2023-06-05 08:00:00+00:00,103.98,104.96,103.96,104.32,24216
2023-06-05 12:00:00+00:00,104.22,104.22,102.24,102.98,31260
2023-06-06 04:00:00+00:00,103.24,103.24,99.56,101.46,44550
2023-06-06 08:00:00+00:00,101.44,102.96,101.0,101.8,29460
2023-06-06 12:00:00+00:00,101.82,104.0,100.22,101.88,31288
2023-06-07 04:00:00+00:00,102.04,102.3,101.24,102.0,11432
2023-06-07 08:00:00+00:00,102.02,102.84,101.12,102.58,24808
2023-06-07 12:00:00+00:00,102.5,106.0,102.34,105.04,89262
2023-06-08 04:00:00+00:00,106.04,107.3,105.0,106.52,76196
2023-06-08 08:00:00+00:00,106.5,107.14,106.0,106.12,28640
2023-06-08 12:00:00+00:00,106.14,106.16,104.52,105.2,21374
2023-06-09 04:00:00+00:00,105.3,107.04,105.08,106.2,18580
2023-06-09 08:00:00+00:00,106.2,106.48,105.5,105.88,17558
2023-06-09 12:00:00+00:00,105.78,105.88,104.44,104.92,16562
2023-06-13 04:00:00+00:00,105.98,106.8,104.44,106.34,37148
2023-06-13 08:00:00+00:00,106.34,107.62,106.08,106.6,49040
2023-06-13 12:00:00+00:00,106.5,107.16,106.34,107.08,16224
2023-06-14 04:00:00+00:00,108.8,108.88,107.2,107.64,56860
2023-06-14 08:00:00+00:00,107.54,107.9,105.96,106.68,34354
2023-06-14 12:00:00+00:00,106.58,107.2,106.44,106.64,20782
2023-06-15 04:00:00+00:00,107.06,107.78,105.58,106.92,34572
2023-06-15 08:00:00+00:00,107.04,107.22,106.0,106.46,20804
2023-06-15 12:00:00+00:00,106.58,106.94,105.5,105.88,40804
2023-06-16 04:00:00+00:00,106.1,106.2,105.52,105.96,12384
2023-06-16 08:00:00+00:00,105.9,108.08,105.08,106.78,111166
2023-06-16 12:00:00+00:00,106.54,107.86,105.7,105.7,31158
2023-06-19 04:00:00+00:00,105.7,106.6,105.0,105.52,22288
2023-06-19 08:00:00+00:00,105.52,105.66,104.56,105.3,26588
2023-06-19 12:00:00+00:00,105.3,105.9,105.02,105.54,16132
2023-06-20 04:00:00+00:00,105.6,105.9,105.0,105.1,14882
2023-06-20 08:00:00+00:00,105.06,105.4,104.8,105.0,24540
2023-06-20 12:00:00+00:00,104.98,105.0,100.0,104.1,65270
2023-06-21 04:00:00+00:00,104.12,104.68,104.0,104.44,6004
2023-06-21 08:00:00+00:00,104.44,107.26,104.2,106.02,93464
2023-06-21 12:00:00+00:00,106.02,106.08,105.5,106.06,22452
2023-06-22 04:00:00+00:00,106.8,106.8,105.56,106.02,14302
2023-06-22 08:00:00+00:00,106.04,106.78,105.7,106.42,27856
2023-06-22 12:00:00+00:00,106.42,106.42,105.78,106.26,19730
2023-06-23 04:00:00+00:00,105.8,105.8,103.22,104.38,28128
2023-06-23 08:00:00+00:00,104.38,104.86,104.02,104.5,19930
2023-06-23 12:00:00+00:00,104.46,104.48,103.74,104.08,18790
2023-06-26 04:00:00+00:00,104.02,104.46,100.9,102.2,30882
2023-06-26 08:00:00+00:00,102.2,105.08,102.0,103.78,35676
2023-06-26 12:00:00+00:00,103.7,104.0,103.02,103.06,8292
2023-06-27 04:00:00+00:00,103.0,104.5,102.84,103.82,11340
2023-06-27 08:00:00+00:00,103.72,104.0,103.0,103.14,12404
2023-06-27 12:00:00+00:00,103.12,103.86,103.08,103.5,8108
2023-06-28 04:00:00+00:00,103.86,104.72,103.78,104.2,19830
2023-06-28 08:00:00+00:00,104.12,104.22,103.2,103.88,19334
2023-06-28 12:00:00+00:00,103.88,104.28,103.18,104.12,17120
2023-06-29 04:00:00+00:00,104.46,105.78,104.0,105.78,32986
2023-06-29 08:00:00+00:00,105.76,106.24,105.08,105.3,30648
2023-06-29 12:00:00+00:00,105.2,105.2,104.02,105.04,20194
2023-06-30 04:00:00+00:00,105.22,105.88,104.44,105.08,20096
2023-06-30 08:00:00+00:00,105.06,105.6,104.5,104.72,23672
2023-06-30 12:00:00+00:00,104.72,105.26,104.02,104.02,22430
2023-07-03 04:00:00+00:00,104.42,107.18,104.02,106.3,80078
2023-07-03 08:00:00+00:00,106.32,106.98,105.76,106.0,51756
2023-07-03 12:00:00+00:00,106.02,106.34,105.02,105.1,24284
2023-07-04 04:00:00+00:00,105.7,105.7,101.76,104.18,54288
2023-07-04 08:00:00+00:00,104.06,104.2,101.5,103.42,52596
2023-07-04 12:00:00+00:00,103.34,103.88,103.24,103.46,12214
2023-07-05 04:00:00+00:00,103.9,105.2,103.48,104.3,28566
2023-07-05 08:00:00+00:00,104.3,104.9,103.54,103.78,47002
2023-07-05 12:00:00+00:00,103.78,104.28,103.5,103.8,21006
2023-07-06 04:00:00+00:00,104.38,104.44,103.5,104.26,9954
2023-07-06 08:00:00+00:00,104.22,104.24,103.46,103.82,34994
2023-07-06 12:00:00+00:00,103.66,103.82,103.0,103.2,13166
2023-07-07 04:00:00+00:00,103.26,104.28,103.1,103.6,36800
2023-07-07 08:00:00+00:00,103.6,104.18,103.18,103.2,16490
2023-07-07 12:00:00+00:00,103.2,103.6,103.0,103.2,24122
2023-07-10 04:00:00+00:00,103.22,103.98,103.22,103.84,15876
2023-07-10 08:00:00+00:00,103.88,105.3,103.76,104.0,51718
2023-07-10 12:00:00+00:00,104.0,104.76,104.0,104.5,14292
2023-07-11 04:00:00+00:00,104.82,105.48,104.6,105.34,32562
2023-07-11 08:00:00+00:00,105.32,106.38,105.0,105.7,54480
2023-07-11 12:00:00+00:00,105.7,109.5,105.06,105.5,259850
2023-07-12 04:00:00+00:00,106.2,107.68,106.02,107.52,50130
2023-07-12 08:00:00+00:00,107.4,111.94,107.0,108.94,570196
2023-07-12 12:00:00+00:00,108.92,109.46,107.64,108.3,107894
2023-07-13 04:00:00+00:00,108.92,109.78,107.5,107.64,40730
2023-07-13 08:00:00+00:00,107.56,108.26,106.4,106.8,85950
2023-07-13 12:00:00+00:00,106.82,107.88,106.6,107.02,71708
2023-07-14 04:00:00+00:00,107.56,108.96,106.0,108.34,58990
2023-07-14 08:00:00+00:00,108.4,108.6,107.0,107.62,35152
2023-07-14 12:00:00+00:00,107.64,107.64,106.5,106.82,26860
2023-07-17 04:00:00+00:00,106.92,109.0,106.12,108.4,75838
2023-07-17 08:00:00+00:00,108.4,108.76,107.62,108.2,58260
2023-07-17 12:00:00+00:00,108.2,109.96,107.9,109.34,112572
2023-07-18 04:00:00+00:00,110.48,110.48,108.22,109.24,67726
2023-07-18 08:00:00+00:00,109.4,112.68,109.2,112.44,316666
2023-07-18 12:00:00+00:00,112.48,112.88,111.1,111.66,66314
2023-07-19 04:00:00+00:00,112.0,112.64,111.32,111.7,33318
2023-07-19 08:00:00+00:00,111.7,112.1,109.62,112.0,111744
2023-07-19 12:00:00+00:00,112.0,112.4,110.7,110.7,55146
2023-07-20 04:00:00+00:00,111.16,113.84,110.1,112.0,71962
2023-07-20 08:00:00+00:00,112.0,112.5,109.26,111.12,52396
2023-07-20 12:00:00+00:00,111.12,112.08,108.5,109.2,46736
2023-07-21 04:00:00+00:00,109.16,111.0,108.7,109.7,21466
2023-07-21 08:00:00+00:00,109.7,110.72,109.1,109.8,26900
2023-07-21 12:00:00+00:00,109.66,110.5,109.3,109.7,29446
2023-07-24 04:00:00+00:00,111.0,111.44,109.72,111.04,20704
2023-07-24 08:00:00+00:00,111.18,111.18,109.9,110.56,27376
2023-07-24 12:00:00+00:00,110.68,111.2,110.16,111.06,14566
2023-07-25 04:00:00+00:00,111.28,111.78,111.02,111.28,19096
2023-07-25 08:00:00+00:00,111.28,111.46,110.28,111.24,51650
2023-07-25 12:00:00+00:00,111.24,111.66,110.8,111.12,42078
2023-07-26 04:00:00+00:00,111.5,111.86,110.72,110.8,14616
2023-07-26 08:00:00+00:00,110.8,110.98,109.12,110.4,37718
2023-07-26 12:00:00+00:00,110.38,110.64,110.02,110.2,18534
2023-07-27 04:00:00+00:00,110.38,110.9,110.28,110.7,12792
2023-07-27 08:00:00+00:00,110.8,116.32,110.8,113.12,444374
2023-07-27 12:00:00+00:00,113.12,113.98,112.82,113.0,45824
2023-07-28 04:00:00+00:00,115.0,115.78,113.62,114.14,65664
2023-07-28 08:00:00+00:00,114.12,114.5,113.5,113.78,35894
2023-07-28 12:00:00+00:00,113.7,114.14,113.0,113.36,32664
2023-07-31 04:00:00+00:00,113.38,114.42,113.36,113.98,17634
2023-07-31 08:00:00+00:00,113.98,114.52,113.6,113.94,33596
2023-07-31 12:00:00+00:00,113.94,114.6,113.72,114.08,34196
2023-08-01 04:00:00+00:00,114.6,114.6,112.16,112.72,77484
2023-08-01 08:00:00+00:00,112.7,114.12,112.52,113.76,50974
2023-08-01 12:00:00+00:00,113.86,113.94,112.9,113.52,30770
2023-08-02 04:00:00+00:00,114.0,114.28,113.58,113.82,28842
2023-08-02 08:00:00+00:00,113.86,116.4,113.2,115.7,214262
2023-08-02 12:00:00+00:00,115.7,116.08,113.5,113.8,151306
2023-08-03 04:00:00+00:00,113.8,114.5,112.38,112.76,43736
2023-08-03 08:00:00+00:00,112.84,113.98,112.76,113.56,35126
2023-08-03 12:00:00+00:00,113.66,114.32,113.42,113.62,27078
2023-08-04 04:00:00+00:00,114.1,115.56,113.86,114.94,28342
2023-08-04 08:00:00+00:00,114.94,115.4,113.7,113.98,58816
2023-08-04 12:00:00+00:00,113.98,114.04,106.82,109.5,183730
2023-08-07 04:00:00+00:00,109.64,111.78,109.5,111.46,25964
2023-08-07 08:00:00+00:00,111.46,113.42,111.38,112.14,40196
2023-08-07 12:00:00+00:00,112.1,112.4,110.6,110.86,21350
2023-08-08 04:00:00+00:00,110.5,110.54,108.0,108.72,34494
2023-08-08 08:00:00+00:00,108.72,110.6,107.0,109.3,66614
2023-08-08 12:00:00+00:00,109.28,119.0,108.58,119.0,230920
2023-08-09 04:00:00+00:00,125.0,126.0,116.76,117.88,596240
2023-08-09 08:00:00+00:00,117.96,119.3,115.22,117.4,180722
2023-08-09 12:00:00+00:00,117.4,118.98,116.8,117.16,125554
2023-08-10 04:00:00+00:00,118.0,118.46,116.02,116.7,24848
2023-08-10 08:00:00+00:00,116.58,117.04,115.3,116.34,46276
2023-08-10 12:00:00+00:00,116.14,117.0,113.2,114.72,69392
2023-08-11 04:00:00+00:00,115.44,119.6,115.0,116.82,95766
2023-08-11 08:00:00+00:00,116.74,117.92,116.2,116.82,80836
2023-08-11 12:00:00+00:00,116.84,118.08,116.4,117.52,60118
2023-08-14 04:00:00+00:00,118.7,120.0,117.86,118.52,77484
2023-08-14 08:00:00+00:00,118.42,119.18,117.52,118.26,50194
2023-08-14 12:00:00+00:00,118.26,118.48,113.2,113.42,139996
2023-08-15 04:00:00+00:00,112.96,113.42,107.76,113.42,119978
2023-08-15 08:00:00+00:00,113.42,115.0,111.92,114.66,79934
2023-08-15 12:00:00+00:00,114.52,114.52,113.02,113.18,25504
2023-08-16 04:00:00+00:00,113.2,113.58,110.52,111.4,80256
2023-08-16 08:00:00+00:00,111.42,111.8,109.0,109.72,81318
2023-08-16 12:00:00+00:00,109.72,110.66,107.56,110.48,58730
2023-08-17 04:00:00+00:00,110.58,111.04,108.56,110.4,20628
2023-08-17 08:00:00+00:00,110.4,111.68,109.0,110.32,38268
2023-08-17 12:00:00+00:00,110.28,111.18,109.38,110.5,16756
2023-08-18 04:00:00+00:00,111.16,112.98,107.1,108.78,7004
2023-08-18 08:00:00+00:00,108.78,111.2,107.84,111.18,21075
2023-08-18 12:00:00+00:00,110.78,111.18,109.7,110.74,7908
2023-08-21 04:00:00+00:00,110.9,114.42,109.44,114.02,17940
2023-08-21 08:00:00+00:00,114.28,114.78,112.0,113.58,36777
2023-08-21 12:00:00+00:00,113.56,114.56,112.74,113.5,24821
2023-08-22 04:00:00+00:00,113.5,114.9,112.92,113.86,7743
2023-08-22 08:00:00+00:00,113.86,114.48,113.0,113.38,16749
2023-08-22 12:00:00+00:00,113.34,113.74,112.86,113.66,8647
2023-08-23 04:00:00+00:00,113.68,114.0,113.66,113.88,2481
2023-08-23 08:00:00+00:00,113.88,115.66,113.0,113.1,36728
2023-08-23 12:00:00+00:00,113.12,114.3,111.04,112.8,35784
2023-08-24 04:00:00+00:00,112.8,112.8,110.5,112.3,7785
2023-08-24 08:00:00+00:00,112.4,112.74,111.08,112.08,10779
2023-08-24 12:00:00+00:00,112.0,112.16,111.54,111.54,4524
2023-08-25 04:00:00+00:00,111.54,112.0,109.34,110.68,24331
2023-08-25 08:00:00+00:00,110.68,112.0,110.56,111.88,9011
2023-08-25 12:00:00+00:00,111.64,111.88,110.5,111.06,8937
2023-08-28 04:00:00+00:00,111.16,112.0,111.12,111.7,3881
2023-08-28 08:00:00+00:00,111.7,111.86,111.06,111.22,8712
2023-08-28 12:00:00+00:00,111.38,112.0,109.16,110.48,31239
2023-08-29 04:00:00+00:00,110.58,112.46,110.58,111.54,21457
2023-08-29 08:00:00+00:00,111.54,112.16,111.0,111.46,11204
2023-08-29 12:00:00+00:00,111.4,111.66,110.5,110.96,12260
2023-08-30 04:00:00+00:00,111.1,112.38,111.02,112.22,8523
2023-08-30 08:00:00+00:00,112.2,114.38,112.0,112.9,30756
2023-08-30 12:00:00+00:00,112.9,113.16,112.42,113.08,10604
2023-08-31 04:00:00+00:00,113.08,114.26,112.66,112.9,5681
2023-08-31 08:00:00+00:00,112.7,113.96,112.12,113.22,21317
2023-08-31 12:00:00+00:00,113.4,113.8,112.9,112.9,10946
2023-09-01 04:00:00+00:00,113.64,115.5,113.0,114.78,35572
2023-09-01 08:00:00+00:00,114.8,114.8,113.02,113.88,18661
2023-09-01 12:00:00+00:00,113.7,114.2,113.18,113.7,10744
2023-09-04 04:00:00+00:00,114.06,117.98,114.06,117.06,71546
2023-09-04 08:00:00+00:00,117.08,117.98,116.04,117.64,57205
2023-09-04 12:00:00+00:00,117.64,118.5,116.54,118.4,39935
2023-09-05 04:00:00+00:00,120.9,121.18,118.4,119.9,82345
2023-09-05 08:00:00+00:00,119.8,120.88,117.12,118.78,95625
2023-09-05 12:00:00+00:00,118.84,120.26,118.72,119.5,25870
2023-09-06 04:00:00+00:00,119.5,124.0,117.5,119.74,96088
2023-09-06 08:00:00+00:00,119.74,124.0,119.0,121.1,137827
2023-09-06 12:00:00+00:00,121.1,121.8,119.72,120.26,25611
2023-09-07 04:00:00+00:00,120.64,121.62,118.4,120.6,18777
2023-09-07 08:00:00+00:00,120.6,120.6,114.0,117.84,75152
2023-09-07 12:00:00+00:00,117.82,119.0,112.2,114.42,47467
2023-09-08 04:00:00+00:00,115.0,116.58,110.1,111.12,19339
2023-09-08 08:00:00+00:00,111.0,113.98,110.38,113.92,14549
2023-09-08 12:00:00+00:00,113.9,113.94,111.0,111.3,8629
2023-09-11 04:00:00+00:00,111.5,114.0,109.8,113.1,14644
2023-09-11 08:00:00+00:00,113.1,117.2,112.4,115.86,75884
2023-09-11 12:00:00+00:00,115.82,117.84,112.54,114.2,35065
2023-09-12 04:00:00+00:00,114.4,117.0,114.22,115.94,8631
2023-09-12 08:00:00+00:00,115.98,116.9,115.26,115.84,10057
2023-09-12 12:00:00+00:00,115.7,116.0,114.56,116.0,5897
2023-09-13 04:00:00+00:00,117.98,118.2,116.0,117.36,26528
2023-09-13 08:00:00+00:00,117.38,117.4,115.0,115.12,25329
2023-09-13 12:00:00+00:00,115.06,115.06,112.6,114.0,12290
2023-09-14 04:00:00+00:00,114.2,119.98,111.54,112.28,121164
2023-09-14 08:00:00+00:00,112.26,113.38,96.9,107.64,107543
2023-09-14 12:00:00+00:00,107.84,111.98,106.94,108.0,44568
2023-09-15 04:00:00+00:00,108.0,111.9,108.0,110.0,13748
2023-09-15 08:00:00+00:00,110.02,114.5,109.32,113.06,45556
2023-09-15 12:00:00+00:00,113.04,117.2,111.9,113.5,28576
2023-09-18 04:00:00+00:00,113.6,116.16,113.5,115.74,15883
2023-09-18 08:00:00+00:00,115.28,118.7,114.5,115.26,61144
2023-09-18 12:00:00+00:00,115.22,115.98,113.0,113.3,17585
2023-09-19 04:00:00+00:00,112.62,114.08,110.22,113.08,12625
2023-09-19 08:00:00+00:00,113.02,114.32,109.5,111.1,23546
2023-09-19 12:00:00+00:00,111.0,119.68,108.02,119.22,223176
2023-09-20 04:00:00+00:00,120.5,121.9,111.2,113.9,100326
2023-09-20 08:00:00+00:00,113.7,116.82,110.8,114.6,56646
2023-09-20 12:00:00+00:00,114.64,118.9,113.6,115.5,63844
2023-09-21 04:00:00+00:00,115.92,118.48,113.0,117.5,29151
2023-09-21 08:00:00+00:00,117.16,117.44,114.02,114.54,34500
2023-09-21 12:00:00+00:00,114.4,115.44,108.6,112.68,47824
2023-09-22 04:00:00+00:00,114.3,114.98,112.3,113.14,18606
2023-09-22 08:00:00+00:00,112.92,114.2,112.08,113.46,12905
2023-09-22 12:00:00+00:00,113.44,113.9,112.1,112.3,21013
2023-09-25 04:00:00+00:00,112.42,113.98,112.4,113.42,10136
2023-09-25 08:00:00+00:00,113.34,116.9,113.04,114.84,45537
2023-09-25 12:00:00+00:00,114.88,115.16,113.7,114.44,14515
2023-09-26 04:00:00+00:00,114.44,114.88,113.0,113.78,7541
2023-09-26 08:00:00+00:00,113.54,116.0,112.8,115.0,34238
2023-09-26 12:00:00+00:00,114.82,116.5,114.12,114.6,22116
2023-09-27 04:00:00+00:00,115.68,115.96,113.7,115.94,15910
2023-09-27 08:00:00+00:00,115.9,118.9,115.48,117.74,104873
2023-09-27 12:00:00+00:00,117.74,118.9,115.12,115.7,45280
2023-09-28 04:00:00+00:00,115.72,117.86,115.72,116.96,8014
2023-09-28 08:00:00+00:00,116.98,117.1,114.78,114.9,13485
2023-09-28 12:00:00+00:00,114.92,117.68,114.6,115.2,12438
2023-09-29 04:00:00+00:00,115.24,116.8,114.8,114.92,9938
2023-09-29 08:00:00+00:00,115.06,116.66,114.8,116.16,26686
2023-09-29 12:00:00+00:00,116.18,116.22,114.34,114.42,15545
2023-10-02 04:00:00+00:00,115.22,117.56,115.22,115.82,13014
2023-10-02 08:00:00+00:00,115.82,117.1,115.62,115.62,16530
2023-10-02 12:00:00+00:00,115.66,116.42,114.8,115.98,13264
2023-10-03 04:00:00+00:00,116.34,122.44,115.0,119.34,176714
2023-10-03 08:00:00+00:00,119.3,120.7,116.68,119.8,120025
2023-10-03 12:00:00+00:00,119.92,126.72,119.24,125.0,461913
2023-10-04 04:00:00+00:00,126.0,127.92,121.52,122.36,128313
2023-10-04 08:00:00+00:00,122.3,123.5,120.8,121.0,75839
2023-10-04 12:00:00+00:00,121.12,122.48,119.04,121.3,74073
2023-10-05 04:00:00+00:00,121.62,122.08,117.02,118.26,56534
2023-10-05 08:00:00+00:00,118.26,118.8,115.84,117.6,69353
2023-10-05 12:00:00+00:00,117.54,118.5,116.0,118.5,30936
2023-10-06 04:00:00+00:00,119.68,120.72,118.44,118.64,33895
2023-10-06 08:00:00+00:00,118.74,118.98,117.22,118.12,19117
2023-10-06 12:00:00+00:00,118.02,118.48,116.66,118.1,26636
2023-10-09 04:00:00+00:00,119.38,120.0,118.1,119.5,25679
2023-10-09 08:00:00+00:00,119.5,120.4,118.2,119.08,24379
2023-10-09 12:00:00+00:00,119.02,119.44,118.4,119.44,11899
2023-10-10 04:00:00+00:00,119.64,119.8,114.0,118.2,82690
2023-10-10 08:00:00+00:00,118.2,119.88,116.9,119.2,35200
2023-10-10 12:00:00+00:00,119.2,123.2,119.12,122.96,157915
2023-10-11 04:00:00+00:00,123.48,125.5,120.22,121.26,84439
2023-10-11 08:00:00+00:00,121.32,122.0,120.22,120.64,39457
2023-10-11 12:00:00+00:00,120.58,121.32,119.52,119.74,22082
2023-10-12 04:00:00+00:00,118.0,119.38,116.0,117.96,32149
2023-10-12 08:00:00+00:00,117.92,119.1,117.24,118.82,25904
2023-10-12 12:00:00+00:00,118.96,118.96,117.52,118.22,14911
2023-10-13 04:00:00+00:00,118.28,119.74,117.2,118.44,11147
2023-10-13 08:00:00+00:00,118.44,120.5,118.44,119.62,24149
2023-10-13 12:00:00+00:00,119.42,119.78,118.8,118.82,15421
2023-10-16 04:00:00+00:00,117.84,120.18,117.02,118.76,18279
2023-10-16 08:00:00+00:00,118.76,120.0,118.72,119.3,17613
2023-10-16 12:00:00+00:00,119.3,119.56,118.44,119.14,10031
2023-10-17 04:00:00+00:00,119.0,119.28,118.0,118.72,4885
2023-10-17 08:00:00+00:00,118.72,118.92,118.0,118.44,11096
2023-10-17 12:00:00+00:00,118.56,118.96,118.0,118.2,10691
2023-10-18 04:00:00+00:00,118.5,119.98,118.12,118.96,13173
2023-10-18 08:00:00+00:00,119.1,119.26,117.34,118.48,13949
2023-10-18 12:00:00+00:00,118.38,119.0,117.54,118.74,14515
2023-10-19 04:00:00+00:00,118.5,118.74,117.8,117.96,3756
2023-10-19 08:00:00+00:00,117.86,117.9,117.22,117.48,11738
2023-10-19 12:00:00+00:00,117.42,118.0,117.2,117.48,9230
2023-10-20 04:00:00+00:00,118.2,119.0,116.06,116.52,10645
2023-10-20 08:00:00+00:00,116.64,116.98,114.84,115.44,23529
2023-10-20 12:00:00+00:00,115.44,116.54,115.0,116.5,11516
2023-10-23 04:00:00+00:00,116.98,116.98,115.02,115.6,5124
2023-10-23 08:00:00+00:00,115.42,116.0,112.4,114.18,47685
2023-10-23 12:00:00+00:00,114.18,114.36,113.28,113.88,19201
2023-10-24 04:00:00+00:00,114.94,116.54,113.68,116.0,21198
2023-10-24 08:00:00+00:00,116.0,116.3,114.9,115.74,14614
2023-10-24 12:00:00+00:00,115.74,116.46,115.28,116.4,8433
2023-10-25 04:00:00+00:00,116.4,116.46,115.08,115.76,5564
2023-10-25 08:00:00+00:00,115.76,116.38,115.5,115.8,8906
2023-10-25 12:00:00+00:00,115.82,115.98,115.22,115.44,5012
2023-10-26 04:00:00+00:00,116.0,116.0,114.04,114.72,7931
2023-10-26 08:00:00+00:00,114.74,116.42,114.3,114.38,20492
2023-10-26 12:00:00+00:00,114.32,114.8,113.32,113.5,23117
2023-10-27 04:00:00+00:00,113.52,114.46,113.36,113.66,3091
2023-10-27 08:00:00+00:00,113.74,114.6,111.9,113.04,22839
2023-10-27 12:00:00+00:00,113.18,114.42,113.0,113.76,6175
2023-10-30 04:00:00+00:00,114.88,114.88,113.46,113.82,4458
2023-10-30 08:00:00+00:00,113.8,114.12,112.62,112.72,17395
2023-10-30 12:00:00+00:00,112.74,114.5,108.84,111.06,37646
2023-10-31 04:00:00+00:00,111.06,112.48,109.1,109.38,11879
2023-10-31 08:00:00+00:00,109.3,110.42,105.8,106.98,46347
2023-10-31 12:00:00+00:00,106.98,108.82,106.9,107.78,13308
2023-11-01 04:00:00+00:00,108.0,108.48,106.12,107.44,6187
2023-11-01 08:00:00+00:00,107.5,110.48,106.14,110.2,18516
2023-11-01 12:00:00+00:00,110.34,110.6,109.64,110.1,12047
2023-11-02 04:00:00+00:00,110.6,111.02,110.12,110.46,2121
2023-11-02 08:00:00+00:00,110.3,110.74,104.04,105.16,171893
2023-11-02 12:00:00+00:00,105.16,107.08,104.5,107.0,63287
2023-11-03 04:00:00+00:00,107.28,108.0,105.08,106.56,10540
2023-11-03 08:00:00+00:00,106.56,106.56,104.2,105.32,13352
2023-11-03 12:00:00+00:00,105.4,107.6,105.0,107.6,18922
2023-11-06 04:00:00+00:00,107.6,108.28,105.82,107.32,5010
2023-11-06 08:00:00+00:00,107.34,107.58,105.92,106.2,9370
2023-11-06 12:00:00+00:00,106.2,108.08,106.12,107.7,10982
2023-11-07 04:00:00+00:00,108.08,108.3,106.0,107.68,5109
2023-11-07 08:00:00+00:00,107.7,108.2,106.72,107.32,6973
2023-11-07 12:00:00+00:00,107.36,107.38,106.72,106.72,7289
2023-11-08 04:00:00+00:00,107.36,107.4,106.0,106.38,4494
2023-11-08 08:00:00+00:00,106.4,107.9,106.0,106.12,8452
2023-11-08 12:00:00+00:00,106.1,106.8,105.4,106.8,12463
2023-11-09 04:00:00+00:00,106.66,107.04,105.0,105.34,4610
2023-11-09 08:00:00+00:00,105.28,107.38,105.28,106.82,20133
2023-11-09 12:00:00+00:00,106.78,106.9,105.9,105.9,6977
2023-11-10 04:00:00+00:00,106.14,106.14,101.86,103.64,15632
2023-11-10 08:00:00+00:00,103.64,104.08,101.0,102.54,26907
2023-11-10 12:00:00+00:00,102.64,104.04,102.5,103.98,10420
2023-11-13 04:00:00+00:00,104.18,104.18,103.0,103.36,4315
2023-11-13 08:00:00+00:00,103.36,103.62,101.0,102.34,10666
2023-11-13 12:00:00+00:00,102.5,102.52,96.42,100.0,76331
2023-11-14 04:00:00+00:00,95.18,102.08,90.1,100.0,78806
2023-11-14 08:00:00+00:00,100.0,100.18,93.5,94.02,33344
2023-11-14 12:00:00+00:00,94.02,98.9,93.5,98.9,15223
2023-11-15 04:00:00+00:00,96.16,98.86,95.4,97.04,5958
2023-11-15 08:00:00+00:00,97.04,101.34,95.76,99.18,23625
2023-11-15 12:00:00+00:00,99.32,101.88,96.92,97.88,30199
2023-11-16 04:00:00+00:00,98.0,101.46,97.88,100.4,21885
2023-11-16 08:00:00+00:00,100.48,101.7,99.0,100.7,19802
2023-11-16 12:00:00+00:00,100.68,102.3,98.16,100.72,19991
2023-11-17 04:00:00+00:00,100.46,100.64,98.5,100.24,2875
2023-11-17 08:00:00+00:00,100.12,100.5,98.84,99.84,4057
2023-11-17 12:00:00+00:00,99.86,101.0,99.7,99.7,5438
2023-11-20 04:00:00+00:00,99.9,101.0,99.9,100.42,2998
2023-11-20 08:00:00+00:00,100.42,100.42,99.6,100.0,4201
2023-11-20 12:00:00+00:00,99.9,100.8,99.84,100.8,4557
2023-11-21 04:00:00+00:00,100.8,100.8,99.86,100.1,1288
2023-11-21 08:00:00+00:00,100.1,100.1,96.12,98.98,14575
2023-11-21 12:00:00+00:00,98.92,99.18,97.8,98.24,6691
2023-11-22 04:00:00+00:00,98.26,100.0,98.16,98.92,3407
2023-11-22 08:00:00+00:00,98.92,99.66,98.42,98.84,4322
2023-11-22 12:00:00+00:00,98.82,98.86,98.3,98.76,9488
2023-11-23 04:00:00+00:00,99.26,99.46,97.92,98.48,2719
2023-11-23 08:00:00+00:00,98.54,99.0,95.12,95.64,12206
2023-11-23 12:00:00+00:00,95.52,97.36,95.06,95.06,9892
2023-11-24 04:00:00+00:00,95.06,95.58,93.62,94.52,5281
2023-11-24 08:00:00+00:00,94.54,94.98,94.0,94.38,15112
2023-11-24 12:00:00+00:00,94.28,97.66,93.44,97.0,20415
2023-11-27 04:00:00+00:00,97.0,97.34,95.0,96.0,5458
2023-11-27 08:00:00+00:00,96.02,97.58,95.52,97.46,7779
2023-11-27 12:00:00+00:00,97.2,99.1,95.9,97.78,12258
2023-11-28 04:00:00+00:00,97.78,98.8,97.44,97.98,2879
2023-11-28 08:00:00+00:00,98.06,98.26,96.84,97.04,9497
2023-11-28 12:00:00+00:00,97.18,97.5,95.9,96.9,3538
2023-11-29 04:00:00+00:00,97.36,97.36,96.04,96.22,958
2023-11-29 08:00:00+00:00,96.22,96.88,96.2,96.6,2082
2023-11-29 12:00:00+00:00,96.6,96.8,96.0,96.42,3602
2023-11-30 04:00:00+00:00,96.12,96.96,95.9,96.46,1035
2023-11-30 08:00:00+00:00,96.48,96.48,95.24,96.04,4318
2023-11-30 12:00:00+00:00,96.02,96.54,95.62,96.16,3057
2023-12-01 04:00:00+00:00,96.1,96.1,95.12,95.44,1208
2023-12-01 08:00:00+00:00,95.3,96.32,95.16,95.58,4450
2023-12-01 12:00:00+00:00,95.6,97.0,95.24,97.0,10629
2023-12-04 04:00:00+00:00,96.7,96.9,90.0,92.38,19528
2023-12-04 08:00:00+00:00,92.38,93.0,91.74,92.56,9121
2023-12-04 12:00:00+00:00,92.54,92.88,90.72,91.0,16064
2023-12-05 04:00:00+00:00,90.0,91.48,88.22,90.18,10019
2023-12-05 08:00:00+00:00,90.0,90.22,86.32,87.7,17994
2023-12-05 12:00:00+00:00,87.7,88.46,87.0,88.1,5535
2023-12-06 04:00:00+00:00,88.14,89.78,88.14,88.92,3495
2023-12-06 08:00:00+00:00,88.72,89.0,86.32,87.14,8441
2023-12-06 12:00:00+00:00,86.86,88.78,86.42,88.78,9881
2023-12-07 04:00:00+00:00,88.04,88.32,85.5,86.98,4308
2023-12-07 08:00:00+00:00,86.82,88.66,85.5,86.3,9118
2023-12-07 12:00:00+00:00,86.34,88.58,86.34,87.8,4815
2023-12-08 04:00:00+00:00,88.38,88.8,87.24,87.96,1519
2023-12-08 08:00:00+00:00,87.78,88.7,87.06,88.64,3458
2023-12-08 12:00:00+00:00,88.64,88.64,85.0,87.5,15122
2023-12-11 04:00:00+00:00,87.36,87.58,85.72,86.0,1393
2023-12-11 08:00:00+00:00,85.98,86.28,85.16,85.88,4954
2023-12-11 12:00:00+00:00,85.8,86.68,85.52,85.52,5226
2023-12-12 04:00:00+00:00,85.78,86.3,85.56,85.96,2550
2023-12-12 08:00:00+00:00,85.94,85.94,83.02,85.68,15181
2023-12-12 12:00:00+00:00,85.58,86.28,85.52,85.96,6635
2023-12-13 04:00:00+00:00,85.96,86.58,85.96,86.24,741
2023-12-13 08:00:00+00:00,86.18,89.4,85.0,88.1,15945
2023-12-13 12:00:00+00:00,88.08,88.1,86.7,87.86,4897
2023-12-14 04:00:00+00:00,87.86,88.08,86.1,87.22,2056
2023-12-14 08:00:00+00:00,87.24,87.26,86.22,86.66,2842
2023-12-14 12:00:00+00:00,86.76,87.58,86.26,86.7,3702
2023-12-15 04:00:00+00:00,87.46,87.46,85.14,85.72,3830
2023-12-15 08:00:00+00:00,85.7,87.24,84.62,86.98,7546
2023-12-15 12:00:00+00:00,87.0,88.58,86.34,88.0,8735
2023-12-18 04:00:00+00:00,88.34,91.94,88.02,91.8,10146
2023-12-18 08:00:00+00:00,91.74,98.34,91.32,95.84,40939
2023-12-18 12:00:00+00:00,96.0,103.88,94.0,96.56,95511
2023-12-19 04:00:00+00:00,96.56,100.84,93.74,99.44,36990
2023-12-19 08:00:00+00:00,99.42,103.7,98.14,101.68,41362
2023-12-19 12:00:00+00:00,101.72,102.1,99.22,99.78,12676
2023-12-20 04:00:00+00:00,99.42,103.6,98.3,100.4,11588
2023-12-20 08:00:00+00:00,100.7,101.2,99.8,100.02,7743
2023-12-20 12:00:00+00:00,100.02,103.28,100.0,102.2,27208
2023-12-21 04:00:00+00:00,102.2,102.86,99.7,100.54,10685
2023-12-21 08:00:00+00:00,100.56,101.88,98.22,100.3,21177
2023-12-21 12:00:00+00:00,100.32,101.6,100.0,100.62,13162
2023-12-22 04:00:00+00:00,100.62,101.94,100.0,100.8,5844
2023-12-22 08:00:00+00:00,100.8,103.96,100.44,101.86,33111
2023-12-22 12:00:00+00:00,101.82,106.48,101.52,102.8,62304
2023-12-25 04:00:00+00:00,104.6,104.6,102.08,102.52,6357
2023-12-25 08:00:00+00:00,102.52,103.82,102.22,102.58,15536
2023-12-25 12:00:00+00:00,102.56,103.2,101.44,102.88,11020
2023-12-26 04:00:00+00:00,103.3,103.6,100.22,101.22,9649
2023-12-26 08:00:00+00:00,101.1,101.98,99.4,100.04,25576
2023-12-26 12:00:00+00:00,100.04,100.68,99.68,99.84,9373
2023-12-27 04:00:00+00:00,99.84,102.68,99.5,102.38,8908
2023-12-27 08:00:00+00:00,102.24,102.38,97.6,99.74,33670
2023-12-27 12:00:00+00:00,99.24,104.6,99.1,100.5,58822
2023-12-28 04:00:00+00:00,101.06,104.0,100.22,102.58,9221
2023-12-28 08:00:00+00:00,102.54,103.26,101.3,102.62,10397
2023-12-28 12:00:00+00:00,102.56,103.72,102.0,102.0,25533
2023-12-29 04:00:00+00:00,102.0,102.8,101.72,102.06,2498
2023-12-29 08:00:00+00:00,102.1,103.6,101.68,101.74,10885
2023-12-29 12:00:00+00:00,101.74,103.2,101.68,102.0,7166
2024-01-03 04:00:00+00:00,103.24,103.98,101.62,102.8,5300
2024-01-03 08:00:00+00:00,102.84,104.48,102.54,103.02,10352
2024-01-03 12:00:00+00:00,103.36,103.62,102.74,103.26,4109
2024-01-04 04:00:00+00:00,104.1,109.5,103.5,108.06,71059
2024-01-04 08:00:00+00:00,108.1,110.6,106.84,109.9,73713
2024-01-04 12:00:00+00:00,109.94,110.98,108.62,109.44,38796
2024-01-05 04:00:00+00:00,109.44,110.62,107.1,107.3,11282
2024-01-05 08:00:00+00:00,107.42,112.98,105.26,107.22,129210
2024-01-05 12:00:00+00:00,107.22,108.82,107.16,108.26,20250
2024-01-08 04:00:00+00:00,108.9,111.5,108.4,110.64,25154
2024-01-08 08:00:00+00:00,110.54,110.54,108.88,109.26,11460
2024-01-08 12:00:00+00:00,109.26,110.02,108.0,108.0,10555
2024-01-09 04:00:00+00:00,108.46,108.94,107.8,108.3,7105
2024-01-09 08:00:00+00:00,108.28,110.38,107.8,108.9,19379
2024-01-09 12:00:00+00:00,108.98,110.74,108.6,110.0,27297
2024-01-10 04:00:00+00:00,110.52,112.34,110.0,111.98,30711
2024-01-10 08:00:00+00:00,111.74,114.0,111.5,112.0,77797
2024-01-10 12:00:00+00:00,112.18,113.26,110.92,111.38,28312
2024-01-11 04:00:00+00:00,111.6,112.66,108.24,109.36,28720
2024-01-11 08:00:00+00:00,109.36,111.0,108.62,109.68,27523
2024-01-11 12:00:00+00:00,109.6,110.16,108.5,109.06,14329
2024-01-12 04:00:00+00:00,110.0,110.38,106.96,108.54,15698
2024-01-12 08:00:00+00:00,108.54,110.24,108.1,109.1,20309
2024-01-12 12:00:00+00:00,109.26,109.7,108.5,109.08,12501
2024-01-15 04:00:00+00:00,109.88,111.4,109.12,110.32,11180
2024-01-15 08:00:00+00:00,110.36,114.7,110.22,112.1,86771
2024-01-15 12:00:00+00:00,112.1,115.32,111.5,111.5,107686
2024-01-16 04:00:00+00:00,112.28,112.44,109.28,110.14,24346
2024-01-16 08:00:00+00:00,110.14,110.9,109.3,110.18,30495
2024-01-16 12:00:00+00:00,110.18,110.7,109.76,110.66,11702
2024-01-17 04:00:00+00:00,112.0,112.24,110.64,112.0,12133
2024-01-17 08:00:00+00:00,112.02,115.3,111.78,112.76,43639
2024-01-17 12:00:00+00:00,112.8,114.16,112.5,113.18,15979
2024-01-18 04:00:00+00:00,114.4,114.6,112.54,112.78,6333
2024-01-18 08:00:00+00:00,112.78,117.44,112.76,116.12,217721
2024-01-18 12:00:00+00:00,116.14,117.0,115.0,116.5,58484
2024-01-19 04:00:00+00:00,117.0,117.92,113.12,114.42,27739
2024-01-19 08:00:00+00:00,114.46,117.22,113.82,116.12,41102
2024-01-19 12:00:00+00:00,116.1,116.28,114.12,114.82,17943
2024-01-22 04:00:00+00:00,115.52,115.56,113.54,114.14,13582
2024-01-22 08:00:00+00:00,114.12,117.24,113.26,113.8,58862
2024-01-22 12:00:00+00:00,113.78,114.32,113.2,113.4,26458
2024-01-23 04:00:00+00:00,114.26,115.5,113.62,114.14,35860
2024-01-23 08:00:00+00:00,114.12,118.24,112.32,113.2,185700
2024-01-23 12:00:00+00:00,113.3,114.0,111.52,111.88,41594
2024-01-24 04:00:00+00:00,112.48,112.5,110.24,111.52,18234
2024-01-24 08:00:00+00:00,111.52,111.84,111.12,111.4,15919
2024-01-24 12:00:00+00:00,111.32,111.96,111.12,111.82,10575
2024-01-25 04:00:00+00:00,111.82,111.82,110.62,110.62,7653
2024-01-25 08:00:00+00:00,110.66,113.8,110.62,111.3,42683
2024-01-25 12:00:00+00:00,111.32,111.74,106.3,107.24,142455
2024-01-26 04:00:00+00:00,107.0,108.0,105.4,107.8,21863
2024-01-26 08:00:00+00:00,107.8,108.8,107.02,107.7,15841
2024-01-26 12:00:00+00:00,107.56,107.68,106.22,106.4,8315
2024-01-29 04:00:00+00:00,106.5,109.36,106.5,109.04,15676
2024-01-29 08:00:00+00:00,108.92,110.48,108.14,109.16,36248
2024-01-29 12:00:00+00:00,109.2,110.38,108.88,109.4,13385
2024-01-30 04:00:00+00:00,109.98,110.46,108.5,109.1,4629
2024-01-30 08:00:00+00:00,109.0,110.34,108.74,109.04,8738
2024-01-30 12:00:00+00:00,109.14,109.4,107.6,107.96,8235
2024-01-31 04:00:00+00:00,108.3,112.62,108.16,111.18,39214
2024-01-31 08:00:00+00:00,111.12,112.5,110.82,112.14,41804
2024-01-31 12:00:00+00:00,112.14,113.1,111.0,112.0,39230
2024-02-01 04:00:00+00:00,112.28,115.66,111.0,114.06,66918
2024-02-01 08:00:00+00:00,114.02,114.02,111.0,111.26,35109
2024-02-01 12:00:00+00:00,111.28,111.36,109.58,110.44,15650
2024-02-02 04:00:00+00:00,110.44,111.4,109.26,109.76,7957
2024-02-02 08:00:00+00:00,109.74,111.38,109.52,111.1,12886
2024-02-02 12:00:00+00:00,111.22,111.32,109.38,109.6,8691
2024-02-05 04:00:00+00:00,109.6,110.48,109.2,109.44,5247
2024-02-05 08:00:00+00:00,109.4,110.98,109.34,110.3,6162
2024-02-05 12:00:00+00:00,110.4,110.4,109.52,110.24,3559
2024-02-06 04:00:00+00:00,110.24,110.86,109.44,110.06,4327
2024-02-06 08:00:00+00:00,110.06,110.12,109.32,109.42,9422
2024-02-06 12:00:00+00:00,109.44,110.6,109.42,110.18,8487
2024-02-07 04:00:00+00:00,110.16,110.56,108.56,109.74,13491
2024-02-07 08:00:00+00:00,109.74,109.86,108.6,108.84,7757
2024-02-07 12:00:00+00:00,108.76,109.2,108.2,108.2,9510
2024-02-08 04:00:00+00:00,108.02,109.16,107.06,107.16,12374
2024-02-08 08:00:00+00:00,107.16,108.56,106.4,107.08,19513
2024-02-08 12:00:00+00:00,107.1,107.1,106.5,106.52,7842
2024-02-09 04:00:00+00:00,106.52,106.84,104.22,105.38,18771
2024-02-09 08:00:00+00:00,105.4,105.8,104.58,104.74,14299
2024-02-09 12:00:00+00:00,104.62,104.9,104.0,104.3,16157
2024-02-12 04:00:00+00:00,104.3,106.5,104.12,105.28,22958
2024-02-12 08:00:00+00:00,105.18,107.0,104.66,105.7,47595
2024-02-12 12:00:00+00:00,105.78,106.78,105.64,106.1,9472
2024-02-13 04:00:00+00:00,106.3,106.54,104.8,104.88,6611
2024-02-13 08:00:00+00:00,104.86,104.96,104.46,104.94,12719
2024-02-13 12:00:00+00:00,104.94,105.58,104.58,105.14,17396
2024-02-14 04:00:00+00:00,105.2,106.5,105.2,105.64,3147
2024-02-14 08:00:00+00:00,105.44,106.5,105.38,105.78,7078
2024-02-14 12:00:00+00:00,105.74,105.78,104.5,104.52,10063
2024-02-15 04:00:00+00:00,104.88,106.0,104.82,105.38,3367
2024-02-15 08:00:00+00:00,105.24,105.38,104.68,105.12,6265
2024-02-15 12:00:00+00:00,105.16,105.26,104.68,104.8,3759
2024-02-16 04:00:00+00:00,105.0,105.64,104.72,105.42,3877
2024-02-16 08:00:00+00:00,105.44,105.44,104.5,104.62,5538
2024-02-16 12:00:00+00:00,104.76,105.24,104.0,104.36,12603
2024-02-19 04:00:00+00:00,104.4,105.98,104.3,105.22,7669
2024-02-19 08:00:00+00:00,105.3,105.5,104.74,105.32,3575
2024-02-19 12:00:00+00:00,105.38,105.56,105.14,105.54,3341
2024-02-20 04:00:00+00:00,105.98,106.3,104.52,105.12,6871
2024-02-20 08:00:00+00:00,105.14,105.5,103.0,105.32,20617
2024-02-20 12:00:00+00:00,105.32,106.0,105.3,105.76,8591
2024-02-21 04:00:00+00:00,105.0,105.14,101.3,103.02,15701
2024-02-21 08:00:00+00:00,103.04,103.8,99.16,99.76,18238
2024-02-21 12:00:00+00:00,99.76,102.72,99.6,102.6,14191
2024-02-22 04:00:00+00:00,101.64,103.12,101.52,101.96,5211
2024-02-22 08:00:00+00:00,102.08,103.58,100.86,101.64,13650
2024-02-22 12:00:00+00:00,101.44,103.76,99.82,100.24,20260
2024-02-26 04:00:00+00:00,101.96,102.98,101.04,102.7,6216
2024-02-26 08:00:00+00:00,102.7,103.6,102.56,103.0,5893
2024-02-26 12:00:00+00:00,103.08,103.4,102.5,102.78,4075
2024-02-27 04:00:00+00:00,102.78,105.7,102.78,105.08,7188
2024-02-27 08:00:00+00:00,105.12,105.28,104.0,104.48,10552
2024-02-27 12:00:00+00:00,104.42,105.58,103.56,104.04,8627
2024-02-28 04:00:00+00:00,104.04,105.0,104.04,104.58,2282
2024-02-28 08:00:00+00:00,104.58,105.5,104.38,105.04,7628
2024-02-28 12:00:00+00:00,104.96,105.08,103.8,103.8,5017
2024-02-29 04:00:00+00:00,104.0,105.8,103.92,104.54,6980
2024-02-29 08:00:00+00:00,104.58,107.06,104.08,104.82,25406
2024-02-29 12:00:00+00:00,104.8,106.68,104.8,105.48,7279
2024-03-01 04:00:00+00:00,106.08,106.28,104.56,104.9,3267
2024-03-01 08:00:00+00:00,104.94,105.38,104.3,104.72,6004
2024-03-01 12:00:00+00:00,104.82,104.96,104.2,104.24,3009
2024-03-04 04:00:00+00:00,104.54,105.86,104.54,104.74,3351
2024-03-04 08:00:00+00:00,104.74,105.24,104.22,104.9,8685
2024-03-04 12:00:00+00:00,104.76,106.12,104.62,105.6,8841
2024-03-05 04:00:00+00:00,105.6,106.3,104.52,104.78,4619
2024-03-05 08:00:00+00:00,104.88,105.28,104.3,104.3,6093
2024-03-05 12:00:00+00:00,104.3,104.98,103.1,104.68,21481
2024-03-06 04:00:00+00:00,104.1,104.66,103.12,103.78,3430
2024-03-06 08:00:00+00:00,103.58,104.22,103.34,103.68,4511
2024-03-06 12:00:00+00:00,103.68,104.0,103.28,103.28,3932
2024-03-07 04:00:00+00:00,103.26,103.8,102.22,103.78,3224
2024-03-07 08:00:00+00:00,103.76,103.8,101.68,102.66,10477
2024-03-07 12:00:00+00:00,102.66,103.1,102.5,103.1,5152
2024-03-11 04:00:00+00:00,103.54,103.54,102.52,103.38,3250
2024-03-11 08:00:00+00:00,103.48,103.9,103.02,103.78,6052
2024-03-11 12:00:00+00:00,103.84,104.5,103.04,104.5,13604
2024-03-12 04:00:00+00:00,104.56,104.86,103.02,103.64,5131
2024-03-12 08:00:00+00:00,103.6,105.0,103.1,103.4,15977
2024-03-12 12:00:00+00:00,103.28,103.62,103.04,103.28,3398
2024-03-13 04:00:00+00:00,103.1,103.6,102.8,103.2,4292
2024-03-13 08:00:00+00:00,103.02,103.3,102.38,102.46,6434
2024-03-13 12:00:00+00:00,102.5,104.7,102.38,104.7,34069
2024-03-14 04:00:00+00:00,104.6,104.6,103.34,103.46,2330
2024-03-14 08:00:00+00:00,103.36,103.9,102.84,102.88,4332
2024-03-14 12:00:00+00:00,102.9,103.14,102.1,102.2,6140
2024-03-15 04:00:00+00:00,102.0,103.08,101.78,102.3,2444
2024-03-15 08:00:00+00:00,102.3,103.34,102.28,102.9,6531
2024-03-15 12:00:00+00:00,102.9,103.4,102.5,102.78,5476
2024-03-18 04:00:00+00:00,103.48,103.48,102.08,102.64,1674
2024-03-18 08:00:00+00:00,102.66,103.2,102.3,102.88,2785
2024-03-18 12:00:00+00:00,102.8,104.5,102.4,104.18,11755
2024-03-19 04:00:00+00:00,104.18,104.18,102.9,103.3,3893
2024-03-19 08:00:00+00:00,103.24,103.34,102.72,102.88,6651
2024-03-19 12:00:00+00:00,102.88,103.26,102.16,102.16,4336
2024-03-20 04:00:00+00:00,102.16,114.8,102.16,112.06,335252
2024-03-20 08:00:00+00:00,112.06,115.0,107.16,107.6,320449
2024-03-20 12:00:00+00:00,107.48,109.8,107.0,109.8,130389
2024-03-21 04:00:00+00:00,109.8,110.5,106.2,106.32,85824
2024-03-21 08:00:00+00:00,106.32,107.64,105.72,107.1,48002
2024-03-21 12:00:00+00:00,107.02,108.36,107.0,107.36,25037
2024-03-22 04:00:00+00:00,108.36,108.36,105.36,105.82,15677
2024-03-22 08:00:00+00:00,105.8,111.5,105.56,111.4,37287
2024-03-22 12:00:00+00:00,111.34,111.44,107.64,107.64,39549
2024-03-25 04:00:00+00:00,107.64,108.42,105.58,107.1,14534
2024-03-25 08:00:00+00:00,107.1,107.82,106.8,107.16,17471
2024-03-25 12:00:00+00:00,107.28,109.44,106.88,108.0,14999
2024-03-26 04:00:00+00:00,108.0,108.06,107.0,107.04,5791
2024-03-26 08:00:00+00:00,107.06,108.5,107.06,108.0,13309
2024-03-26 12:00:00+00:00,108.02,109.16,107.5,107.5,9119
2024-03-27 04:00:00+00:00,108.0,110.92,107.52,110.44,20955
2024-03-27 08:00:00+00:00,110.44,112.98,109.2,111.26,53695
2024-03-27 12:00:00+00:00,111.26,111.96,110.12,111.44,19867
2024-03-28 04:00:00+00:00,112.46,113.6,111.54,111.88,15149
2024-03-28 08:00:00+00:00,112.0,112.1,110.3,110.64,9709
2024-03-28 12:00:00+00:00,110.64,112.48,110.5,110.5,20435
2024-03-29 04:00:00+00:00,111.84,111.88,110.5,110.96,4637
2024-03-29 08:00:00+00:00,110.82,111.0,109.12,110.76,19654
2024-03-29 12:00:00+00:00,110.72,111.28,110.3,110.3,12747
2024-04-01 04:00:00+00:00,110.68,113.2,109.76,112.32,22656
2024-04-01 08:00:00+00:00,112.3,113.86,110.8,111.76,29192
2024-04-01 12:00:00+00:00,111.76,112.76,111.04,111.34,9812
2024-04-02 04:00:00+00:00,111.5,112.02,110.6,110.7,3409
2024-04-02 08:00:00+00:00,110.62,113.76,110.6,113.34,29282
2024-04-02 12:00:00+00:00,113.32,114.7,112.5,113.58,26496
2024-04-03 04:00:00+00:00,114.26,119.9,113.68,118.4,91798
2024-04-03 08:00:00+00:00,118.48,121.26,118.04,119.42,135431
2024-04-03 12:00:00+00:00,119.32,122.78,118.34,122.08,101360
2024-04-04 04:00:00+00:00,124.0,131.64,122.6,127.16,586329
2024-04-04 08:00:00+00:00,127.08,129.46,123.1,123.88,310915
2024-04-04 12:00:00+00:00,123.88,123.98,116.4,116.9,231921
2024-04-05 04:00:00+00:00,117.5,123.8,116.62,119.74,187991
2024-04-05 08:00:00+00:00,119.68,120.88,117.5,119.22,93752
2024-04-05 12:00:00+00:00,119.24,119.96,117.6,118.02,28832
2024-04-08 04:00:00+00:00,119.88,120.0,116.52,118.32,27942
2024-04-08 08:00:00+00:00,118.24,118.98,116.36,117.2,35628
2024-04-08 12:00:00+00:00,117.2,118.78,117.16,118.3,25437
2024-04-09 04:00:00+00:00,118.38,118.78,116.8,117.4,14148
2024-04-09 08:00:00+00:00,117.4,117.56,115.4,116.5,33520
2024-04-09 12:00:00+00:00,116.5,117.24,113.9,116.66,42744
2024-04-10 04:00:00+00:00,116.66,116.8,115.44,115.7,4500
2024-04-10 08:00:00+00:00,115.62,116.18,113.0,114.18,50119
2024-04-10 12:00:00+00:00,114.18,114.92,112.3,113.08,34463
2024-04-11 04:00:00+00:00,113.28,113.86,113.0,113.34,7313
2024-04-11 08:00:00+00:00,113.32,113.62,112.22,112.22,14103
2024-04-11 12:00:00+00:00,112.24,113.98,112.04,113.04,18629
2024-04-12 04:00:00+00:00,113.5,115.12,113.06,114.5,12948
2024-04-12 08:00:00+00:00,114.34,114.8,113.04,114.08,16654
2024-04-12 12:00:00+00:00,114.06,114.2,112.5,112.62,13537
2024-04-15 04:00:00+00:00,112.36,113.48,112.08,113.14,7391
2024-04-15 08:00:00+00:00,113.14,118.48,113.02,116.54,108270
2024-04-15 12:00:00+00:00,116.56,118.2,115.42,117.62,32149
2024-04-16 04:00:00+00:00,118.2,119.0,115.26,115.76,20745
2024-04-16 08:00:00+00:00,115.74,116.28,114.0,114.98,20754
2024-04-16 12:00:00+00:00,114.98,115.66,114.52,114.58,8110
2024-04-17 04:00:00+00:00,115.28,115.5,114.76,115.22,4208
2024-04-17 08:00:00+00:00,115.22,116.96,114.12,114.36,20036
2024-04-17 12:00:00+00:00,114.42,115.3,113.42,114.34,10547
2024-04-18 04:00:00+00:00,114.66,114.74,113.52,114.46,2564
2024-04-18 08:00:00+00:00,114.46,114.96,113.1,113.52,7409
2024-04-18 12:00:00+00:00,113.5,114.5,113.3,114.22,3984
2024-04-19 04:00:00+00:00,114.22,116.0,113.36,115.3,8909
2024-04-19 08:00:00+00:00,115.4,116.34,113.36,114.0,19543
2024-04-19 12:00:00+00:00,114.0,114.12,113.2,113.46,6627
2024-04-22 04:00:00+00:00,113.24,114.16,111.02,113.62,20971
2024-04-22 08:00:00+00:00,113.62,114.44,112.84,114.12,13220
2024-04-22 12:00:00+00:00,114.12,114.12,113.04,113.8,5796
2024-04-23 04:00:00+00:00,114.28,114.3,112.8,113.0,4091
2024-04-23 08:00:00+00:00,113.0,113.86,112.5,112.7,8107
2024-04-23 12:00:00+00:00,112.72,113.0,112.26,112.32,3337
2024-04-24 04:00:00+00:00,112.62,113.4,111.6,112.12,5149
2024-04-24 08:00:00+00:00,112.2,115.28,111.62,113.74,53475
2024-04-24 12:00:00+00:00,113.76,113.9,112.52,112.54,6580
2024-04-25 04:00:00+00:00,113.0,113.28,111.4,111.92,5900
2024-04-25 08:00:00+00:00,111.94,112.54,111.1,112.02,5454
2024-04-25 12:00:00+00:00,112.0,112.58,111.26,112.5,4799
2024-04-26 04:00:00+00:00,113.2,114.3,112.54,113.0,11635
2024-04-26 08:00:00+00:00,113.04,114.24,112.82,113.72,11580
2024-04-26 12:00:00+00:00,113.88,115.3,112.26,113.36,18825
2024-04-27 04:00:00+00:00,113.6,114.42,113.32,113.74,2485
2024-04-27 08:00:00+00:00,113.74,115.0,113.3,114.38,17316
2024-04-27 12:00:00+00:00,114.4,114.5,112.0,112.18,23772
2024-04-29 04:00:00+00:00,112.36,113.4,110.62,111.64,16357
2024-04-29 08:00:00+00:00,111.64,112.32,111.48,111.98,6928
2024-04-29 12:00:00+00:00,111.98,112.48,111.14,111.9,28293
2024-04-30 04:00:00+00:00,112.7,112.72,112.16,112.5,2017
2024-04-30 08:00:00+00:00,112.4,112.72,111.5,112.0,11675
2024-04-30 12:00:00+00:00,112.0,112.42,111.42,111.94,10586
2024-05-02 04:00:00+00:00,112.44,112.78,111.86,111.86,4040
2024-05-02 08:00:00+00:00,111.96,113.62,111.4,111.92,33108
2024-05-02 12:00:00+00:00,111.82,112.32,111.0,111.46,12325
2024-05-02 16:00:00+00:00,111.92,112.08,111.24,111.42,1102
2024-05-02 20:00:00+00:00,111.48,111.58,111.16,111.52,507
2024-05-03 04:00:00+00:00,113.48,118.0,113.4,115.2,89300
2024-05-03 08:00:00+00:00,115.2,115.88,112.3,113.2,33078
2024-05-03 12:00:00+00:00,113.26,113.98,112.88,113.2,21765
2024-05-03 16:00:00+00:00,113.2,113.36,112.5,113.16,3308
2024-05-03 20:00:00+00:00,113.18,113.18,112.8,113.0,186
2024-05-06 04:00:00+00:00,113.12,113.28,111.8,112.12,9908
2024-05-06 08:00:00+00:00,111.92,112.24,110.52,111.46,30391
2024-05-06 12:00:00+00:00,111.36,112.24,111.18,111.32,12381
2024-05-06 16:00:00+00:00,111.5,112.2,111.18,111.48,2674
2024-05-06 20:00:00+00:00,111.48,111.58,111.2,111.2,830
2024-05-07 04:00:00+00:00,111.5,112.16,111.12,111.46,5356
2024-05-07 08:00:00+00:00,111.56,111.92,111.46,111.8,9075
2024-05-07 12:00:00+00:00,111.86,111.98,111.1,111.28,5056
2024-05-07 16:00:00+00:00,111.3,112.94,111.3,111.5,7080
2024-05-07 20:00:00+00:00,111.48,111.5,111.38,111.5,277
2024-05-08 04:00:00+00:00,111.72,112.14,111.4,111.4,1834
2024-05-08 08:00:00+00:00,111.5,111.68,111.24,111.28,3325
2024-05-08 12:00:00+00:00,111.36,111.5,110.1,110.2,17710
2024-05-08 16:00:00+00:00,110.8,110.8,110.22,110.5,1330
2024-05-08 20:00:00+00:00,110.5,110.58,110.4,110.58,231
2024-05-10 04:00:00+00:00,110.5,111.68,110.44,111.1,4256
2024-05-10 08:00:00+00:00,110.98,111.18,109.0,109.96,11701
2024-05-10 12:00:00+00:00,109.96,110.16,109.9,109.94,3244
2024-05-10 16:00:00+00:00,110.14,110.48,109.94,110.36,722
2024-05-10 20:00:00+00:00,110.22,110.44,110.0,110.22,287
2024-05-13 04:00:00+00:00,110.22,110.84,110.18,110.3,2840
2024-05-13 08:00:00+00:00,110.3,110.42,109.64,109.94,7448
2024-05-13 12:00:00+00:00,109.94,110.16,109.86,110.16,2877
2024-05-13 16:00:00+00:00,110.18,110.68,109.88,110.0,2086
2024-05-13 20:00:00+00:00,110.0,110.16,109.94,110.16,393
2024-05-14 04:00:00+00:00,110.06,110.36,109.06,109.54,3917
2024-05-14 08:00:00+00:00,109.54,109.6,105.82,108.3,27359
2024-05-14 12:00:00+00:00,108.3,108.52,107.7,108.48,10908
2024-05-14 16:00:00+00:00,108.32,108.7,107.88,108.1,2597
2024-05-14 20:00:00+00:00,108.2,108.22,108.1,108.1,398
2024-05-15 04:00:00+00:00,108.0,108.6,107.76,108.56,1596
2024-05-15 08:00:00+00:00,108.56,108.76,107.8,108.36,7564
2024-05-15 12:00:00+00:00,108.36,108.5,107.72,107.84,5325
2024-05-15 16:00:00+00:00,107.9,108.68,107.74,108.02,2581
2024-05-15 20:00:00+00:00,108.02,108.02,107.86,108.02,82
2024-05-16 04:00:00+00:00,108.46,108.46,107.5,107.94,6727
2024-05-16 08:00:00+00:00,107.92,107.94,107.28,107.7,4664
2024-05-16 12:00:00+00:00,107.7,107.74,106.48,107.26,9048
2024-05-16 16:00:00+00:00,107.26,107.76,106.82,107.76,1163
2024-05-16 20:00:00+00:00,107.76,107.76,107.68,107.76,78
2024-05-17 04:00:00+00:00,107.74,108.0,107.5,107.9,2226
2024-05-17 08:00:00+00:00,107.74,109.14,107.48,108.52,9404
2024-05-17 12:00:00+00:00,108.64,109.82,108.12,108.5,9622
2024-05-17 16:00:00+00:00,108.72,109.06,108.48,108.88,1178
2024-05-17 20:00:00+00:00,108.9,109.06,108.5,108.52,365
2024-05-20 04:00:00+00:00,108.5,109.04,107.54,107.76,2525
2024-05-20 08:00:00+00:00,107.76,108.12,105.94,106.46,23651
2024-05-20 12:00:00+00:00,106.46,106.56,105.0,105.0,11664
2024-05-20 16:00:00+00:00,105.44,105.64,104.26,105.18,5704
2024-05-20 20:00:00+00:00,105.18,105.34,105.02,105.34,301
2024-05-21 04:00:00+00:00,105.26,105.26,103.0,103.38,7352
2024-05-21 08:00:00+00:00,103.3,104.04,100.06,103.3,34899
2024-05-21 12:00:00+00:00,103.3,103.84,102.92,103.2,4711
2024-05-21 16:00:00+00:00,102.9,104.2,102.9,104.18,2206
2024-05-21 20:00:00+00:00,104.18,104.18,103.4,103.48,348
2024-05-22 04:00:00+00:00,104.0,108.1,103.38,106.7,27320
2024-05-22 08:00:00+00:00,106.78,107.54,103.22,103.92,27932
2024-05-22 12:00:00+00:00,103.82,104.62,103.58,103.96,7351
2024-05-22 16:00:00+00:00,104.24,104.24,103.44,103.78,2290
2024-05-22 20:00:00+00:00,103.66,103.7,103.24,103.66,644
2024-05-23 04:00:00+00:00,103.66,103.76,102.4,102.9,4721
2024-05-23 08:00:00+00:00,102.84,103.2,102.02,103.18,6849
2024-05-23 12:00:00+00:00,103.18,103.6,102.96,103.04,3283
2024-05-23 16:00:00+00:00,102.9,103.24,102.84,103.12,1171
2024-05-23 20:00:00+00:00,103.1,103.12,103.02,103.1,63
2024-05-24 04:00:00+00:00,103.4,103.54,103.12,103.14,846
2024-05-24 08:00:00+00:00,103.16,103.48,100.02,100.3,12091
2024-05-24 12:00:00+00:00,100.3,101.1,100.12,100.4,10420
2024-05-24 16:00:00+00:00,101.0,102.84,100.14,101.1,3919
2024-05-24 20:00:00+00:00,101.1,101.1,100.02,100.18,2069
